0.018647
0.009779
0.016511
0.014874
0.013948
0.013375
0.016310
0.018889
0.020770
0.021874
0.021382
0.020758
0.019862
0.018803
0.017865
0.017634
0.019151
0.020197
0.020497
0.019757
0.020001
0.019964
0.019672
0.021019
0.021627
0.021931
0.022129
0.023113
0.023630
0.024016
0.023794
0.024763
0.024710
0.024618
0.024857
0.025193
0.024775
0.026164
0.027337
0.026954
0.026610
0.026688
0.026829
0.026548
0.025856
0.025988
0.025259
0.025713
0.025899
0.026287
0.026295
0.026368
0.026272
0.026182
0.027009
0.027332
0.027817
0.027783
0.027638
0.027600
0.026965
0.026149
0.026828
0.027051
0.027729
0.028142
0.028767
0.029224
0.030006
0.029697
0.028944
0.028679
0.028782
0.028602
0.028127
0.027692
0.027899
0.027726
0.028112
0.028483
0.028444
0.029106
0.028844
0.028706
0.028544
0.028031
0.026953
0.025883
0.025818
0.025522
0.025845
0.031186
0.027658
0.029826
0.028895
0.028516
0.029333
0.029148
0.028354
0.028989
0.029072
0.029342
0.028959
0.029065
0.029240
0.029295
0.029621
0.029607
0.029644
0.029632
0.029246
0.028698
0.027438
0.027227
0.027975
0.027646
0.026870
0.028189
0.028335
0.027673
0.026781
0.027686
0.027779
0.027680
0.025762
0.027606
0.027667
0.027797
0.027675
0.027167
0.027418
0.026556
0.026232
0.029754
0.029206
0.028207
0.029569
0.030095
0.029443
0.029212
0.030426
0.030127
0.029692
0.030373
0.029208
0.029054
0.029389
0.029674
0.029501
0.029259
0.028971
0.028133
0.027960
0.028308
0.028634
0.028066
0.028897
0.028838
0.029199
0.029128
0.029508
0.029105
0.028945
0.029088
0.029717
0.029640
0.029875
0.029942
0.029312
0.029678
0.029540
0.028468
0.028199
0.029003
0.029239
0.029542
0.029700
0.030669
0.031112
0.030804
0.030962
0.030770
0.031276
0.030776
0.030518
0.030292
0.029597
0.029656
0.028749
0.028433
0.029189
0.030529
0.029729
0.029420
0.029286
0.030039
0.029813
0.029616
0.029882
0.029707
0.030271
0.029263
0.030080
0.029890
0.030182
0.029736
0.029445
0.028669
0.029373
0.028582
0.028389
0.028512
0.029612
0.028396
0.029400
0.028204
0.028607
0.027418
0.028754
0.028733
0.028998
0.028583
0.028627
0.028588
0.028314
0.028784
0.029003
0.028858
0.028965
0.030819
0.030552
0.029755
0.030330
0.030076
0.029981
0.030763
0.030346
0.030089
0.030400
0.030381
0.029813
0.029875
0.029529
0.029830
0.029582
0.029455
0.029591
0.030071
0.029438
0.029368
0.029888
0.029648
0.029692
0.029521
0.029919
0.029944
0.030031
0.030682
0.030228
0.030046
0.030115
0.030276
0.030253
0.030121
0.030086
0.030461
0.029703
0.029410
0.030540
0.030438
0.030909
0.030960
0.031172
0.031149
0.030334
0.029622
0.029133
0.028514
0.029232
0.029968
0.030335
0.030703
0.030867
0.029552
0.029828
0.029580
0.029877
0.030040
0.030301
0.030364
0.030853
0.030698
0.030699
0.029836
0.029528
0.029409
0.029722
0.030097
0.029920
0.030175
0.029314
0.030549
0.030007
0.029448
0.029493
0.029522
0.028869
0.029617
0.030210
0.030218
0.030086
0.030237
0.030199
0.029933
0.029783
0.029685
0.029882
0.029601
0.029710
0.029926
0.029440
0.029781
0.029932
0.030846
0.030978
0.031017
0.031243
0.031266
0.031151
0.031100
0.031107
0.030397
0.029664
0.028732
0.028972
0.028930
0.029257
0.028900
0.028836
0.028823
0.029937
0.030728
0.030266
0.030443
0.030270
0.030368
0.029991
0.030060
0.029782
0.030092
0.029947
0.030316
0.030386
0.030240
0.030908
0.030204
0.029482
0.028787
0.028971
0.029603
0.029866
0.029586
0.029342
0.029061
0.028720
0.029203
0.029253
0.029549
0.030134
0.030672
0.031203
0.031191
0.030772
0.029908
0.030043
0.029614
0.029667
0.029246
0.029016
0.029655
0.029496
0.029864
0.030223
0.029443
0.029447
0.029756
0.030063
0.030698
0.031356
0.031277
0.031084
0.031146
0.030899
0.030440
0.030087
0.030133
0.030380
0.029446
0.029200
0.029082
0.028994
0.028806
0.028598
0.028873
0.029662
0.030000
0.029579
0.029421
0.029999
0.029863
0.030087
0.030150
0.030767
0.030380
0.030320
0.030733
0.030539
0.029855
0.029643
0.029616
0.029893
0.030277
0.030574
0.030251
0.030350
0.030369
0.031323
0.030670
0.030416
0.030197
0.030160
0.030039
0.029817
0.029247
0.029103
0.028870
0.028556
0.029344
0.029180
0.029992
0.029874
0.030506
0.030455
0.030909
0.029961
0.029762
0.029225
0.029860
0.030474
0.030922
0.030458
0.030088
0.029834
0.029783
0.029517
0.030113
0.030497
0.030547
0.030650
0.030286
0.030114
0.030181
0.029740
0.029681
0.029772
0.029916
0.029812
0.029996
0.030092
0.030308
0.030828
0.030700
0.030399
0.030300
0.030021
0.030444
0.030271
0.029594
0.029629
0.029403
0.029398
0.029974
0.030291
0.029988
0.030547
0.030632
0.030445
0.030026
0.029808
0.030410
0.030032
0.030268
0.030524
0.029647
0.029420
0.030120
0.029891
0.029953
0.030005
0.030015
0.029240
0.029905
0.030136
0.030453
0.031278
0.031372
0.031074
0.030707
0.030385
0.029930
0.029936
0.029460
0.029813
0.029703
0.029161
0.029158
0.029189
0.029540
0.030467
0.030392
0.030834
0.030664
0.031083
0.030795
0.030205
0.030081
0.030010
0.030618
0.030884
0.030911
0.030312
0.030618
0.030704
0.030514
0.029626
0.029261
0.029035
0.029338
0.030224
0.030414
0.030044
0.029992
0.030852
0.030602
0.030957
0.031463
0.031370
0.031799
0.031335
0.031079
0.031501
0.033900
0.047223
0.074699
0.111731
0.157864
0.211067
0.271820
0.337148
0.398467
0.461631
0.526907
0.596263
0.663290
0.730944
0.800726
0.875625
0.956405
1.035740
1.113985
1.185676
1.247872
1.308989
1.372294
1.438082
1.509954
1.581941
1.652170
1.722915
1.795182
1.870323
1.946182
2.025735
2.106176
2.180801
2.252697
2.326038
2.402542
2.478929
2.557411
2.633474
2.708829
2.787879
2.868919
2.953362
3.038904
3.121809
3.201862
3.281238
3.363312
3.449826
3.539710
3.627688
3.714385
3.803218
3.890865
3.978420
4.069931
4.160712
4.254490
4.348387
4.447272
4.545170
4.644256
4.741843
4.839331
4.937055
5.037508
5.138701
5.236964
5.333898
5.431337
5.528609
5.621368
5.713941
5.805839
5.897154
5.993957
6.092633
6.193462
6.296177
6.397847
6.498876
6.599593
6.698291
6.796651
6.891563
6.983341
7.074298
7.164301
7.253189
7.343760
7.438515
7.533882
7.623415
7.711767
7.800251
7.887327
7.977444
8.063680
8.144513
8.219659
8.291030
8.362977
8.435106
8.503973
8.571375
8.635985
8.698062
8.760065
8.823144
8.886234
8.945418
9.002321
9.060370
9.122868
9.186215
9.247397
9.304330
9.356742
9.404767
9.449870
9.494382
9.536730
9.575826
9.615079
9.654673
9.695021
9.736998
9.779105
9.820531
9.860254
9.900945
9.941139
9.981901
10.024045
10.063085
10.101337
10.140795
10.177687
10.214203
10.250342
10.282680
10.316945
10.353567
10.390854
10.424742
10.457297
10.489543
10.521824
10.553822
10.586162
10.618010
10.655111
10.692509
10.730587
10.768461
10.808237
10.852594
10.899915
10.949598
11.002777
11.057182
11.112406
11.167789
11.225640
11.287698
11.356343
11.427829
11.499790
11.570254
11.636469
11.705295
11.775296
11.847334
11.914684
11.978610
12.038213
12.091939
12.143747
12.195235
12.241117
12.281877
12.322970
12.366502
12.413479
12.460982
12.512367
12.567099
12.624595
12.683618
12.741161
12.798035
12.855492
12.914052
12.972030
13.025976
13.082041
13.137175
13.194789
13.255662
13.318859
13.383463
13.451087
13.517036
13.581536
13.644969
13.707461
13.772197
13.836918
13.900347
13.960126
14.016483
14.073179
14.130463
14.185987
14.243973
14.303244
14.367406
14.432576
14.501292
14.571333
14.641091
14.708522
14.774657
14.842102
14.910756
14.980274
15.049150
15.119601
15.192328
15.266011
15.338949
15.410043
15.481291
15.554492
15.629429
15.705716
15.784458
15.866489
15.950672
16.030471
16.108245
16.184400
16.259252
16.335100
16.413957
16.494888
16.574981
16.655565
16.738515
16.820754
16.901622
16.985408
17.069058
17.154284
17.236975
17.319263
17.402739
17.487071
17.574112
17.664597
17.757136
17.848371
17.937760
18.026107
18.115179
18.205275
18.293968
18.378400
18.457677
18.536085
18.615628
18.697360
18.778243
18.857424
18.935005
19.015950
19.097926
19.181053
19.268182
19.356704
19.442481
19.526821
19.615181
19.703221
19.796749
19.892498
19.988929
20.082995
20.175775
20.262566
20.349342
20.442237
20.538614
20.636778
20.735474
20.834017
20.932320
21.033845
21.138905
21.246510
21.351653
21.455704
21.554589
21.652586
21.748464
21.845593
21.941662
22.038719
22.134989
22.229813
22.324864
22.421336
22.514311
22.605465
22.694937
22.783839
22.871549
22.957864
23.043458
23.127685
23.215935
23.309018
23.403340
23.495920
23.587159
23.677515
23.768462
23.859789
23.951731
24.042550
24.131846
24.218541
24.304743
24.393194
24.481629
24.568627
24.656671
24.745014
24.835013
24.925093
25.017286
25.109833
25.199280
25.288862
25.376714
25.464643
25.553331
25.638515
25.723108
25.806757
25.890403
25.969217
26.045892
26.124583
26.205763
26.286494
26.362831
26.438632
26.512165
26.587051
26.661407
26.733503
26.805243
26.875897
26.948466
27.020134
27.090630
27.158748
27.225447
27.291199
27.354050
27.415587
27.475221
27.531885
27.583371
27.634624
27.687386
27.741862
27.798640
27.854152
27.911761
27.968700
28.029154
28.089946
28.150817
28.210087
28.268082
28.323966
28.377962
28.430080
28.481750
28.530699
28.572889
28.611875
28.648772
28.680528
28.704835
28.722722
28.739615
28.755557
28.767697
28.775537
28.778164
28.777494
28.776089
28.775638
28.775467
28.779248
28.783277
28.789639
28.795901
28.801184
28.807739
28.819625
28.839190
28.864130
28.898594
28.941103
28.989661
29.043996
29.104745
29.177145
29.260495
29.352438
29.448883
29.549416
29.652556
29.756878
29.857509
29.960538
30.064113
30.167322
30.272657
30.378218
30.482332
30.584803
30.687111
30.789664
30.895271
31.001468
31.107229
31.216956
31.329515
31.445664
31.564465
31.680011
31.796467
31.913097
32.029352
32.137749
32.243444
32.346617
32.448681
32.550514
32.649865
32.746334
32.840670
32.932892
33.022502
33.111909
33.202433
33.294276
33.384439
33.474843
33.567124
33.657812
33.748135
33.841753
33.936719
34.029608
34.116398
34.203435
34.290947
34.382214
34.474309
34.565470
34.654347
34.743766
34.836156
34.928369
35.017833
35.103271
35.187027
35.272505
35.360204
35.446311
35.528976
35.612516
35.699602
35.791553
35.885186
35.978938
36.074416
36.168941
36.263398
36.357886
36.451129
36.542334
36.635398
36.728136
36.820150
36.911051
36.997475
37.083966
37.172110
37.261097
37.349228
37.436204
37.523785
37.610071
37.697809
37.787749
37.876522
37.964866
38.053446
38.144612
38.236413
38.328781
38.419067
38.509243
38.599815
38.688466
38.776294
38.867087
38.962131
39.061974
39.158560
39.253481
39.348315
39.445233
39.543639
39.641343
39.736754
39.832399
39.928394
40.026489
40.126072
40.221791
40.321683
40.418263
40.514315
40.609080
40.703444
40.797381
40.895995
40.993999
41.089821
41.185433
41.279846
41.374870
41.472268
41.571719
41.669140
41.766553
41.863500
41.959667
42.055934
42.151042
42.244282
42.340233
42.437789
42.530888
42.621832
42.712404
42.806463
42.905279
43.007231
43.109462
43.213373
43.316237
43.418591
43.518708
43.614820
43.710437
43.812199
43.912642
44.012768
44.111462
44.211301
44.308453
44.406562
44.498961
44.588818
44.675726
44.762825
44.848065
44.932716
45.017612
45.102478
45.189629
45.273131
45.353932
45.432926
45.510589
45.587818
45.664133
45.737038
45.808694
45.880783
45.954746
46.028530
46.104687
46.182821
46.259432
46.336353
46.415508
46.496793
46.578217
46.664272
46.750801
46.838961
46.929534
47.022079
47.117569
47.211342
47.304486
47.398848
47.496307
47.595350
47.696052
47.797131
47.895400
47.993137
48.089192
48.186595
48.287349
48.385167
48.486079
48.585352
48.687559
48.788070
48.888763
48.988660
49.089134
49.189750
49.290467
49.392716
49.493160
49.593123
49.693420
49.797873
49.904747
50.013222
50.119891
50.220132
50.322197
50.424694
50.526255
50.628018
50.730279
50.829307
50.930703
51.035907
51.140902
51.240568
51.341973
51.444553
51.548120
51.647743
51.746189
51.846815
51.950138
52.056090
52.162280
52.267137
52.373717
52.484504
52.597676
52.704802
52.808395
52.912919
53.018572
53.123360
53.228582
53.332736
53.436326
53.539376
53.644663
53.748994
53.851776
53.952437
54.053998
54.159885
54.263893
54.367521
54.471915
54.573079
54.674190
54.774129
54.874630
54.972333
55.068723
55.163089
55.258925
55.357106
55.453222
55.551863
55.651501
55.752356
55.854303
55.953727
56.053948
56.156356
56.258113
56.360992
56.466292
56.571001
56.675793
56.778530
56.882841
56.988391
57.092229
57.197866
57.304412
57.410868
57.520678
57.630938
57.735408
57.837473
57.941180
58.046725
58.154840
58.263380
58.371044
58.478045
58.588923
58.701817
58.814340
58.926929
59.039404
59.154974
59.268035
59.374680
59.483108
59.593682
59.704365
59.816017
59.928732
60.038371
60.145595
60.254296
60.365695
60.478713
60.592717
60.707328
60.820896
60.936043
61.049756
61.163148
61.278030
61.390699
61.503449
61.615517
61.726315
61.835073
61.942250
62.049423
62.158471
62.266581
62.373416
62.477517
62.579230
62.684409
62.792766
62.902486
63.013071
63.122626
63.232420
63.342378
63.451185
63.557918
63.667269
63.779212
63.885963
63.990451
64.095519
64.199887
64.304174
64.409879
64.518217
64.626561
64.736150
64.844523
64.952127
65.061210
65.168236
65.274751
65.382250
65.489608
65.599376
65.706487
65.809650
65.915236
66.020539
66.123325
66.228039
66.331463
66.433144
66.535989
66.640914
66.744559
66.847168
66.946092
67.047172
67.147070
67.245434
67.346009
67.450100
67.551252
67.652835
67.756891
67.859262
67.959131
68.062353
68.167179
68.266741
68.367374
68.467808
68.563455
68.659048
68.752807
68.849116
68.947255
69.041887
69.139015
69.237177
69.336379
69.436158
69.535941
69.635254
69.732728
69.831021
69.934137
70.038433
70.143570
70.244815
70.347048
70.447365
70.549696
70.650920
70.750618
70.848529
70.949565
71.049392
71.146976
71.242822
71.338794
71.435455
71.534769
71.632752
71.730759
71.829365
71.930046
72.031269
72.134075
72.235445
72.332989
72.430413
72.530719
72.633717
72.735901
72.837048
72.938758
73.043320
73.148054
73.253228
73.354402
73.454936
73.557631
73.662566
73.769803
73.878700
73.986489
74.092672
74.203982
74.314013
74.419712
74.525216
74.631414
74.738148
74.842530
74.944459
75.045279
75.144801
75.246583
75.352569
75.457299
75.561700
75.665725
75.768835
75.868605
75.964763
76.062981
76.164621
76.266589
76.370664
76.475762
76.577476
76.679133
76.782903
76.885268
76.989328
77.090861
77.190968
77.291623
77.396684
77.502705
77.607583
77.711607
77.816031
77.920766
78.021675
78.121179
78.221816
78.322661
78.424011
78.525348
78.630431
78.735941
78.842200
78.947716
79.055643
79.162916
79.270469
79.377016
79.482354
79.588008
79.692473
79.794956
79.896051
79.994825
80.094144
80.195799
80.293073
80.390854
80.489669
80.588377
80.689894
80.793388
80.895214
80.994284
81.095598
81.201597
81.307574
81.409898
81.510367
81.610877
81.715830
81.824101
81.933489
82.040668
82.147096
82.257711
82.370426
82.480058
82.587672
82.695648
82.802657
82.910051
83.022137
83.134899
83.244988
83.353584
83.460831
83.567194
83.672718
83.781081
83.887087
83.992659
84.101363
84.208512
84.311596
84.411982
84.511928
84.614602
84.718407
84.821293
84.922747
85.026150
85.130800
85.237525
85.343936
85.447870
85.553760
85.663219
85.776870
85.884732
85.990564
86.096369
86.201823
86.308916
86.417088
86.522034
86.626305
86.732210
86.842318
86.950847
87.059744
87.168328
87.276689
87.387334
87.501930
87.620056
87.740496
87.857901
87.975157
88.088990
88.204244
88.316464
88.424276
88.533221
88.642321
88.750099
88.856791
88.962951
89.072088
89.180363
89.285380
89.387738
89.494307
89.603771
89.709750
89.813873
89.913634
90.013358
90.110551
90.213257
90.325521
90.438755
90.552788
90.662497
90.772979
90.884777
90.995045
91.101806
91.208907
91.310916
91.416724
91.524175
91.630579
91.738642
91.846652
91.954245
92.063387
92.173082
92.279414
92.386143
92.492728
92.599069
92.704489
92.807744
92.904131
92.997128
93.090112
93.182563
93.277614
93.377749
93.478971
93.582592
93.687560
93.793775
93.905180
94.027016
94.146564
94.257389
94.362933
94.473651
94.591222
94.709483
94.828127
94.946744
95.061022
95.170194
95.278970
95.390239
95.498607
95.605217
95.711756
95.815887
95.914442
96.015181
96.119858
96.228688
96.337543
96.440456
96.544571
96.648440
96.753060
96.858165
96.960396
97.061707
97.164050
97.268531
97.373850
97.476290
97.578252
97.681519
97.789514
97.898106
98.004189
98.110299
98.215203
98.322198
98.430953
98.534624
98.634509
98.743703
98.858769
98.973811
99.086380
99.197124
99.306190
99.412348
99.521378
99.631087
99.743720
99.857022
99.970310
100.082352
100.195796
100.306888
100.416025
100.531046
100.649957
100.765361
100.877278
100.987974
101.099586
101.212667
101.329617
101.447277
101.568140
101.687212
101.801127
101.913292
102.028544
102.143533
102.258184
102.372887
102.488048
102.604380
102.717006
102.825398
102.926677
103.029720
103.136291
103.245069
103.361987
103.481672
103.600626
103.715446
103.825859
103.934786
104.046122
104.158225
104.273564
104.392698
104.513996
104.630468
104.747430
104.865121
104.985722
105.103526
105.217941
105.334284
105.452718
105.573651
105.697558
105.823675
105.945757
106.069214
106.194981
106.319674
106.441463
106.555978
106.671535
106.792685
106.911151
107.030257
107.144292
107.257634
107.375152
107.495370
107.614901
107.732566
107.852132
107.969567
108.087867
108.210007
108.329215
108.446599
108.561741
108.679568
108.801276
108.924917
109.044717
109.159738
109.268707
109.377856
109.491750
109.606859
109.720375
109.832882
109.936581
110.030344
110.121949
110.212724
110.306090
110.401801
110.499881
110.601036
110.704048
110.810537
110.920108
111.029590
111.142155
111.250577
111.355047
111.467555
111.583373
111.699923
111.819013
111.938227
112.058680
112.180131
112.302091
112.424228
112.546469
112.670439
112.795688
112.925407
113.053743
113.181577
113.309604
113.432937
113.549872
113.664707
113.773542
113.880525
113.990860
114.101129
114.210557
114.315626
114.420578
114.522414
114.622070
114.717978
114.807411
114.892818
114.977529
115.061999
115.148808
115.235412
115.315136
115.394801
115.471959
115.549119
115.620485
115.685033
115.749709
115.813139
115.880525
115.951605
116.026178
116.102530
116.179076
116.255865
116.333458
116.406922
116.474924
116.540761
116.611824
116.686281
116.762812
116.836410
116.912615
116.992476
117.075363
117.158942
117.238281
117.318226
117.402939
117.496784
117.597810
117.699795
117.802914
117.910510
118.021259
118.136367
118.248715
118.360087
118.475088
118.590449
118.708628
118.829026
118.954053
119.080722
119.206751
119.333707
119.454583
119.570102
119.684228
119.798859
119.912332
120.024500
120.137446
120.250438
120.361707
120.473087
120.580094
120.685695
120.794925
120.905334
121.016180
121.131917
121.248159
121.360789
121.473349
121.585970
121.700515
121.811688
121.923177
122.038514
122.154132
122.272227
122.390589
122.508826
122.625910
122.742100
122.860853
122.977652
123.090849
123.205403
123.321659
123.441385
123.559357
123.673916
123.788751
123.902633
124.017924
124.131069
124.240726
124.349886
124.461417
124.576695
124.698092
124.816915
124.932111
125.047049
125.163540
125.278434
125.393654
125.507196
125.617033
125.728841
125.842261
125.957959
126.074169
126.189166
126.304558
126.421379
126.532995
126.638040
126.745736
126.856431
126.972566
127.085180
127.193157
127.301945
127.415998
127.533729
127.651791
127.765145
127.876742
127.991569
128.107467
128.222865
128.337416
128.451717
128.562231
128.672489
128.788790
128.901133
129.005143
129.110264
129.217341
129.327723
129.439647
129.551539
129.661127
129.773742
129.890217
130.003851
130.111995
130.221683
130.332036
130.443057
130.554762
130.667745
130.780506
130.893792
131.009369
131.121285
131.227874
131.335215
131.442500
131.552554
131.667996
131.783729
131.898664
132.011636
132.122533
132.236014
132.344733
132.450091
132.557408
132.666981
132.778691
132.890521
133.001400
133.110979
133.221683
133.336157
133.443526
133.547116
133.650504
133.754555
133.862353
133.975997
134.088165
134.198049
134.308440
134.421400
134.531366
134.633243
134.730526
134.828694
134.929037
135.032600
135.142735
135.254740
135.368788
135.482751
135.597315
135.706567
135.813169
135.923131
136.036123
136.148469
136.262327
136.373953
136.482879
136.593227
136.707716
136.817761
136.923787
137.032868
137.144063
137.256793
137.368172
137.474905
137.580924
137.688429
137.803232
137.912917
138.020013
138.129992
138.240557
138.350125
138.462633
138.579533
138.694875
138.808584
138.921511
139.035498
139.146604
139.256831
139.367427
139.479133
139.593698
139.714730
139.835748
139.951782
140.062727
140.176087
140.288526
140.395706
140.506320
140.618166
140.733299
140.849398
140.963724
141.078895
141.190418
141.306693
141.416265
141.520599
141.622022
141.726843
141.836077
141.944483
142.053097
142.163310
142.271953
142.384161
142.493332
142.597706
142.701108
142.810774
142.925742
143.039947
143.150917
143.262179
143.375180
143.492140
143.605623
143.713231
143.818332
143.924289
144.033646
144.147185
144.259746
144.371499
144.485913
144.600767
144.714855
144.819947
144.923026
145.026081
145.131882
145.243553
145.357257
145.470545
145.583456
145.694388
145.805713
145.914443
146.019131
146.126799
146.242248
146.357142
146.476042
146.597895
146.718167
146.834616
146.951153
147.066730
147.173769
147.281186
147.388612
147.498090
147.612328
147.726921
147.838068
147.948648
148.057470
148.168741
148.276948
148.381341
148.484557
148.592558
148.701864
148.811772
148.921069
149.029256
149.133901
149.236726
149.340071
149.439210
149.539467
149.644800
149.751980
149.860989
149.969637
150.077106
150.185276
150.294903
150.403667
150.510031
150.612648
150.712330
150.813776
150.918846
151.024560
151.129905
151.239271
151.347611
151.454007
151.550895
151.647673
151.749154
151.852510
151.958622
152.066326
152.173194
152.277387
152.381209
152.489120
152.591141
152.690032
152.788705
152.890183
152.998475
153.107850
153.220081
153.333547
153.444204
153.554514
153.668123
153.780492
153.891902
154.004484
154.115291
154.225009
154.336549
154.447595
154.555187
154.659098
154.762049
154.867299
154.966287
155.065460
155.170783
155.277409
155.386875
155.497487
155.606853
155.716499
155.826665
155.937957
156.043298
156.144128
156.246526
156.350774
156.454501
156.559394
156.661602
156.761386
156.855939
156.950017
157.041436
157.127075
157.211035
157.299446
157.390610
157.487003
157.589065
157.690836
157.790801
157.890145
157.985667
158.079310
158.175226
158.271849
158.367518
158.470409
158.574947
158.678672
158.781213
158.882332
158.982057
159.080957
159.174902
159.266086
159.360800
159.455604
159.550475
159.643413
159.737158
159.830229
159.922230
160.013271
160.102635
160.186779
160.267884
160.352284
160.439080
160.528926
160.615702
160.702966
160.789031
160.876400
160.962609
161.052844
161.143761
161.238807
161.333286
161.431586
161.534654
161.636344
161.738841
161.839575
161.940963
162.043622
162.145494
162.241996
162.337355
162.435384
162.533666
162.634543
162.733687
162.836176
162.939903
163.042080
163.149289
163.256860
163.360563
163.462901
163.567884
163.675558
163.785285
163.896125
164.008763
164.118924
164.228247
164.343801
164.454293
164.557811
164.661792
164.767692
164.873735
164.982447
165.094219
165.205592
165.315264
165.422660
165.530556
165.634296
165.737687
165.844516
165.952113
166.061064
166.168726
166.279246
166.390372
166.500429
166.612304
166.724596
166.834407
166.943003
167.052384
167.162397
167.277332
167.390473
167.503872
167.613680
167.724562
167.835387
167.939634
168.042040
168.146039
168.253261
168.364196
168.479276
168.593520
168.709702
168.823023
168.936160
169.051475
169.163728
169.274051
169.384165
169.496543
169.605486
169.712578
169.819926
169.925847
170.029307
170.132588
170.230109
170.326060
170.426596
170.531939
170.639679
170.742263
170.847421
170.953632
171.059218
171.162222
171.265964
171.367366
171.468322
171.573760
171.680507
171.790072
171.900262
172.009959
172.116303
172.222826
172.335645
172.440890
172.542264
172.641699
172.744529
172.855967
172.967248
173.073827
173.180925
173.289816
173.398552
173.507201
173.615989
173.721308
173.827081
173.935281
174.050843
174.164342
174.271733
174.378210
174.483314
174.591225
174.698188
174.800178
174.902181
175.010482
175.121902
175.231523
175.339939
175.445777
175.548894
175.651528
175.757238
175.859240
175.957591
176.057539
176.161149
176.263334
176.362340
176.461814
176.561430
176.659348
176.760460
176.858885
176.953996
177.047125
177.144219
177.243500
177.344472
177.446342
177.546672
177.647479
177.746918
177.848447
177.946638
178.042778
178.138481
178.235929
178.331892
178.429006
178.525711
178.621864
178.715268
178.804852
178.893695
178.982858
179.067180
179.148203
179.224709
179.295962
179.363280
179.429295
179.495532
179.558198
179.614141
179.667270
179.719737
179.772354
179.822559
179.871214
179.915172
179.959634
180.004359
180.047412
180.088006
180.125300
180.161378
180.199921
180.238396
180.276902
180.313566
180.347019
180.378047
180.409953
180.443626
180.478194
180.511562
180.548545
180.588747
180.629468
180.673523
180.715993
180.756304
180.792992
180.829388
180.866809
180.901755
180.935757
180.972821
181.010361
181.047164
181.079560
181.104977
181.129227
181.156490
181.186700
181.215636
181.246357
181.280049
181.317342
181.353224
181.385629
181.415677
181.446067
181.473210
181.494053
181.514262
181.530850
181.547130
181.565914
181.583381
181.601181
181.613931
181.619629
181.614272
181.597411
181.569621
181.530707
181.484713
181.430882
181.374626
181.317198
181.262821
181.214253
181.167364
181.126225
181.090788
181.057545
181.023672
180.989248
180.958890
180.934980
180.916685
180.898749
180.878131
180.853441
180.826599
180.798062
180.770837
180.747000
180.724710
180.701145
180.674857
180.647010
180.616485
180.585338
180.551920
180.517014
180.482705
180.449279
180.418776
180.390061
180.358484
180.328221
180.297553
180.269201
180.240822
180.206837
180.165509
180.124400
180.084497
180.047387
180.011248
179.974692
179.936134
179.896804
179.856034
179.810112
179.761326
179.712701
179.664862
179.615882
179.567011
179.519375
179.469070
179.416418
179.359349
179.297985
179.229801
179.154924
179.075632
178.990386
178.901932
178.813632
178.723819
178.633171
178.544902
178.455349
178.365134
178.284532
178.208585
178.134292
178.068226
178.005992
177.945416
177.891061
177.841310
177.796805
177.749908
177.703293
177.665355
177.628512
177.588853
177.550926
177.510342
177.467057
177.420201
177.375055
177.331255
177.289925
177.252460
177.223458
177.194211
177.162770
177.125234
177.084786
177.044428
177.001681
176.953044
176.904223
176.854227
176.805724
176.762588
176.716999
176.671268
176.625038
176.578120
176.526309
176.473044
176.417260
176.362971
176.310171
176.259823
176.208530
176.155232
176.096234
176.031596
175.971546
175.907572
175.837843
175.765594
175.691390
175.618010
175.538366
175.458673
175.378635
175.296373
175.211005
175.122516
175.031880
174.936624
174.842705
174.747441
174.646550
174.550552
174.460246
174.366091
174.267572
174.168886
174.069531
173.965819
173.861603
173.756333
173.653151
173.545236
173.443585
173.344140
173.244829
173.144508
173.042121
172.940199
172.838710
172.740626
172.640745
172.536389
172.431129
172.329353
172.222695
172.112040
171.999973
171.890915
171.784944
171.680307
171.578198
171.474158
171.378775
171.290095
171.196709
171.098114
171.000107
170.906415
170.810680
170.715753
170.621936
170.528253
170.441872
170.358932
170.274977
170.192052
170.107294
170.020455
169.931658
169.845907
169.762986
169.684433
169.604352
169.529153
169.458601
169.386523
169.310448
169.235508
169.161623
169.084633
169.006310
168.929720
168.854050
168.782786
168.719658
168.655237
168.591985
168.531005
168.468564
168.404669
168.344113
168.286223
168.226526
168.175030
168.129266
168.081888
168.027169
167.966174
167.902025
167.833987
167.763696
167.686648
167.604787
167.518515
167.430599
167.345842
167.258150
167.171182
167.078614
166.985005
166.891938
166.798492
166.702679
166.604519
166.512717
166.425716
166.336911
166.249581
166.158205
166.066050
165.976128
165.888970
165.800443
165.711306
165.622266
165.543230
165.470770
165.396078
165.320057
165.244767
165.171462
165.104421
165.037297
164.972588
164.908533
164.855764
164.805891
164.753593
164.702920
164.649823
164.597095
164.549238
164.503444
164.456970
164.408828
164.370424
164.340786
164.312639
164.283624
164.250191
164.215615
164.182796
164.150403
164.117175
164.082879
164.056660
164.043444
164.032961
164.015252
163.991211
163.963099
163.938161
163.919698
163.908180
163.903351
163.902807
163.907818
163.914662
163.920374
163.929200
163.938490
163.944266
163.947844
163.950036
163.946166
163.941532
163.942405
163.949658
163.959485
163.974676
163.981518
163.984334
163.984066
163.983517
163.983566
163.983721
163.987333
163.995394
164.005482
164.012942
164.020470
164.026763
164.031575
164.033621
164.032427
164.029214
164.026442
164.023958
164.022342
164.020974
164.017614
164.013076
164.010095
164.005600
163.996209
163.985548
163.976351
163.967688
163.960428
163.953336
163.945939
163.936711
163.927267
163.915811
163.902917
163.885770
163.864499
163.842472
163.825547
163.817441
163.812567
163.804136
163.791362
163.775418
163.758066
163.738511
163.717152
163.694704
163.670847
163.653175
163.639309
163.624477
163.607386
163.589491
163.569779
163.548609
163.528151
163.507554
163.487248
163.466313
163.445698
163.425708
163.404778
163.382965
163.363060
163.341994
163.320088
163.299394
163.284007
163.273738
163.264452
163.254207
163.243865
163.233680
163.222984
163.207372
163.189463
163.169633
163.151618
163.138973
163.125425
163.111564
163.100963
163.089062
163.074440
163.058806
163.042075
163.024036
163.003039
162.981388
162.963443
162.952931
162.945391
162.935348
162.923382
162.906566
162.889575
162.872185
162.853586
162.836016
162.818608
162.804940
162.789835
162.774593
162.760913
162.744034
162.725043
162.703041
162.678912
162.657000
162.635606
162.617207
162.595520
162.574155
162.554250
162.533556
162.509328
162.483706
162.457785
162.433139
162.406583
162.383855
162.362348
162.340004
162.318026
162.293466
162.264441
162.233454
162.203695
162.176378
162.146558
162.116119
162.082329
162.049061
162.012775
161.976621
161.941215
161.905267
161.869920
161.839255
161.809974
161.781456
161.755623
161.730673
161.703115
161.672384
161.638700
161.604524
161.568932
161.532083
161.494717
161.453053
161.413643
161.374475
161.331811
161.285407
161.234983
161.181965
161.130321
161.083480
161.036746
160.988393
160.939596
160.892009
160.842177
160.790186
160.734471
160.679489
160.625165
160.573099
160.517493
160.459629
160.403056
160.346989
160.288116
160.227329
160.163040
160.091765
160.015283
159.936439
159.857405
159.774505
159.692156
159.609657
159.523810
159.433183
159.341626
159.246860
159.149366
159.050644
158.952587
158.853393
158.753408
158.650838
158.551459
158.450317
158.348452
158.248783
158.145617
158.039069
157.930723
157.821329
157.709302
157.605824
157.503625
157.403054
157.301746
157.198728
157.093494
156.983336
156.869171
156.752152
156.636682
156.527398
156.422327
156.316663
156.209933
156.101776
155.995131
155.885003
155.772595
155.658386
155.543896
155.432919
155.323660
155.217157
155.109756
154.995890
154.881741
154.771991
154.660784
154.548338
154.436979
154.324405
154.216302
154.110067
154.001955
153.891220
153.775886
153.661756
153.547212
153.432578
153.319835
153.208355
153.095888
152.983522
152.872828
152.757975
152.641360
152.525848
152.409933
152.294336
152.178817
152.065450
151.949903
151.839287
151.730380
151.622860
151.512364
151.398664
151.284783
151.171518
151.057765
150.944517
150.826791
150.710522
150.600191
150.490366
150.378277
150.262400
150.146778
150.030893
149.920699
149.812660
149.703268
149.591436
149.480366
149.368768
149.257322
149.148004
149.037035
148.924973
148.810729
148.694373
148.575885
148.456316
148.343217
148.234011
148.127323
148.020331
147.915142
147.807469
147.699051
147.590103
147.483060
147.376343
147.268876
147.159607
147.048837
146.933576
146.816765
146.700542
146.583516
146.468439
146.353419
146.241491
146.127502
146.016211
145.907160
145.798816
145.689458
145.579581
145.471307
145.361146
145.249480
145.132861
145.012982
144.899731
144.789977
144.677747
144.562021
144.440958
144.322721
144.205313
144.089967
143.978958
143.866286
143.751468
143.640449
143.526544
143.408237
143.289562
143.170287
143.049444
142.933981
142.824344
142.715388
142.607470
142.498655
142.387553
142.276458
142.166267
142.056268
141.947586
141.835964
141.725751
141.617600
141.510026
141.399302
141.285851
141.168407
141.046369
140.922352
140.798062
140.676077
140.552807
140.435196
140.321755
140.204503
140.093504
139.984887
139.872207
139.759191
139.645864
139.535839
139.428145
139.322591
139.220003
139.116793
139.014799
138.913145
138.808234
138.700322
138.591067
138.488641
138.388357
138.287519
138.187698
138.084990
137.983801
137.883567
137.782525
137.677171
137.570160
137.463724
137.356086
137.248922
137.143512
137.040707
136.937411
136.836909
136.737817
136.633936
136.528089
136.426203
136.330231
136.231436
136.129261
136.032563
135.941378
135.850893
135.760856
135.669802
135.573052
135.478828
135.388987
135.295478
135.203032
135.116625
135.034566
134.948722
134.859018
134.767160
134.675170
134.583827
134.493698
134.403130
134.311931
134.222575
134.137261
134.050787
133.957449
133.861666
133.766768
133.672581
133.578679
133.483935
133.387254
133.291676
133.197611
133.105107
133.012536
132.921101
132.828418
132.732561
132.641235
132.549690
132.455902
132.362594
132.268715
132.175761
132.081221
131.989150
131.896805
131.798436
131.694670
131.587489
131.483836
131.384063
131.285920
131.189948
131.094506
130.996091
130.899246
130.800985
130.703336
130.608739
130.515206
130.426179
130.340040
130.253842
130.167676
130.079652
129.991101
129.901976
129.808945
129.715091
129.625476
129.539384
129.449293
129.358927
129.272175
129.185651
129.095934
129.007588
128.918989
128.829726
128.743856
128.655971
128.568827
128.484163
128.401540
128.321523
128.237488
128.155318
128.072018
127.987366
127.900439
127.815248
127.732217
127.650954
127.570065
127.491526
127.411909
127.327289
127.241142
127.153925
127.064780
126.974577
126.882806
126.791583
126.696809
126.602616
126.508814
126.418614
126.329990
126.240084
126.149180
126.058583
125.967843
125.875863
125.784165
125.693482
125.601317
125.507818
125.414608
125.318300
125.219199
125.118249
125.019034
124.923576
124.830677
124.738509
124.648892
124.561648
124.474968
124.390725
124.301917
124.212331
124.123171
124.036463
123.950573
123.865883
123.780803
123.695728
123.610877
123.525620
123.438603
123.349863
123.262394
123.172714
123.083875
122.991899
122.900812
122.810325
122.720197
122.633064
122.541970
122.444313
122.347474
122.246692
122.147160
122.053301
121.966025
121.882110
121.795351
121.708691
121.624114
121.535756
121.443738
121.351802
121.256346
121.160681
121.069512
120.978964
120.888489
120.792681
120.698439
120.608623
120.517986
120.426858
120.333188
120.236844
120.134318
120.026119
119.919198
119.808659
119.699661
119.591035
119.481740
119.371171
119.259402
119.148464
119.037996
118.928537
118.815410
118.704798
118.596598
118.489675
118.387446
118.284035
118.184425
118.081589
117.978479
117.878747
117.775539
117.671124
117.566280
117.467635
117.375001
117.281715
117.184359
117.088379
116.992122
116.895530
116.800712
116.703195
116.606903
116.510417
116.418974
116.330710
116.239427
116.144114
116.047660
115.952397
115.857218
115.764024
115.672778
115.576886
115.487981
115.410566
115.332494
115.255167
115.177875
115.101287
115.025814
114.954263
114.881180
114.807256
114.734772
114.670265
114.608676
114.545794
114.482886
114.419690
114.356619
114.294436
114.233686
114.170923
114.107152
114.049323
113.998386
113.946098
113.890851
113.830688
113.773047
113.718757
113.665231
113.608948
113.553682
113.497333
113.450755
113.407917
113.359383
113.309708
113.260664
113.218953
113.178961
113.135313
113.089766
113.043310
112.999924
112.959699
112.915237
112.866383
112.815248
112.765164
112.716678
112.668860
112.619777
112.570726
112.526561
112.483740
112.443154
112.404102
112.362499
112.319701
112.277255
112.234671
112.190205
112.144562
112.097022
112.056213
112.018061
111.982800
111.945646
111.907848
111.868164
111.830270
111.791946
111.749979
111.705661
111.669877
111.638253
111.602431
111.562749
111.515364
111.468988
111.426303
111.384475
111.342739
111.298029
111.266468
111.236581
111.203690
111.169190
111.132751
111.098848
111.063560
111.028406
110.992932
110.953669
110.920437
110.895132
110.876535
110.863224
110.848595
110.834542
110.814345
110.792493
110.769205
110.748759
110.727548
110.705694
110.682583
110.661327
110.640170
110.618251
110.598498
110.579882
110.562169
110.544692
110.528083
110.516722
110.509548
110.499632
110.488957
110.473619
110.459747
110.448501
110.441124
110.437218
110.435233
110.430877
110.431749
110.437834
110.444203
110.451599
110.455440
110.452556
110.447997
110.446025
110.447697
110.453192
110.465648
110.484341
110.503919
110.525714
110.549431
110.572140
110.592853
110.614850
110.636207
110.655172
110.678039
110.706669
110.735897
110.765288
110.795625
110.827201
110.857310
110.888331
110.919767
110.948022
110.980063
111.014447
111.052480
111.091239
111.133422
111.172479
111.206720
111.238841
111.272650
111.302015
111.327337
111.356372
111.389194
111.418880
111.446608
111.470214
111.489059
111.503091
111.515230
111.527304
111.538245
111.551012
111.565742
111.581818
111.599286
111.614865
111.627999
111.638268
111.650497
111.662613
111.671775
111.680498
111.695656
111.713808
111.734740
111.755121
111.778277
111.802025
111.827673
111.854529
111.880791
111.906772
111.936055
111.968180
111.999725
112.031484
112.059198
112.083941
112.104287
112.122303
112.139407
112.151871
112.162685
112.177508
112.193489
112.212979
112.234587
112.255497
112.274104
112.294816
112.315838
112.334539
112.352849
112.373344
112.396504
112.418089
112.439608
112.458880
112.476358
112.493335
112.511331
112.529887
112.547800
112.564835
112.585705
112.608257
112.630436
112.650419
112.667216
112.677813
112.684940
112.689122
112.691634
112.692806
112.696912
112.703137
112.710972
112.719776
112.730202
112.741533
112.750102
112.758741
112.768126
112.777981
112.785867
112.797640
112.813252
112.825698
112.837748
112.850318
112.862435
112.872396
112.881386
112.890542
112.894898
112.902048
112.913111
112.925251
112.936814
112.947946
112.960664
112.972663
112.983164
112.996604
113.009606
113.021998
113.037038
113.055014
113.074862
113.094516
113.110543
113.122049
113.129347
113.137615
113.145634
113.152176
113.157180
113.162693
113.169333
113.175787
113.184217
113.193066
113.201561
113.207953
113.214964
113.220019
113.225885
113.233262
113.242292
113.251290
113.258501
113.270372
113.281891
113.293289
113.301157
113.308608
113.317979
113.324906
113.332105
113.343238
113.357863
113.376801
113.395068
113.415848
113.434761
113.451704
113.469114
113.484967
113.503620
113.523840
113.545529
113.567894
113.586777
113.603611
113.618109
113.632126
113.646513
113.660082
113.676964
113.697707
113.717618
113.739269
113.762998
113.786622
113.805804
113.823808
113.843022
113.861169
113.876052
113.891238
113.908450
113.927247
113.948204
113.968059
113.983857
113.997501
114.009742
114.021887
114.034443
114.047899
114.063495
114.080646
114.095448
114.111181
114.126893
114.139226
114.148975
114.158781
114.170516
114.182891
114.194973
114.210839
114.226084
114.241107
114.255782
114.270089
114.283938
114.296673
114.310306
114.323413
114.338566
114.356733
114.376735
114.397502
114.419179
114.440458
114.458102
114.473016
114.486813
114.506020
114.523327
114.537701
114.557628
114.581617
114.606606
114.632994
114.659781
114.681022
114.699372
114.717951
114.738714
114.756995
114.775203
114.795220
114.817814
114.839620
114.860571
114.880112
114.896639
114.911974
114.927227
114.942611
114.959299
114.978937
114.999354
115.018606
115.039537
115.062658
115.086133
115.109682
115.132254
115.157342
115.182418
115.206480
115.233399
115.261507
115.287612
115.313135
115.337769
115.361539
115.386133
115.414491
115.443000
115.471929
115.504564
115.540983
115.576776
115.610871
115.644289
115.672189
115.697993
115.726431
115.754495
115.780952
115.810037
115.839514
115.869199
115.897471
115.923253
115.947270
115.968687
115.987366
116.006623
116.027874
116.050463
116.073656
116.100849
116.131648
116.160693
116.188952
116.218052
116.243973
116.265712
116.290437
116.317892
116.349032
116.379400
116.409243
116.439408
116.467100
116.492943
116.517546
116.537523
116.557495
116.575703
116.597169
116.621247
116.650046
116.678101
116.702253
116.727637
116.754336
116.778767
116.799151
116.812021
116.823979
116.843895
116.870367
116.900077
116.929766
116.952668
116.974522
116.997654
117.020980
117.046972
117.072793
117.097241
117.121933
117.147929
117.175744
117.202265
117.227911
117.258115
117.288928
117.315156
117.340899
117.368041
117.396210
117.423026
117.450591
117.479722
117.505621
117.531830
117.556644
117.580647
117.604169
117.627519
117.650715
117.674944
117.700934
117.729140
117.757937
117.787870
117.815220
117.841558
117.868488
117.895665
117.921387
117.950453
117.984498
118.024958
118.064173
118.101104
118.139888
118.177683
118.214387
118.251496
118.290620
118.329417
118.366015
118.404786
118.444688
118.482554
118.517323
118.549521
118.577926
118.606898
118.634777
118.666345
118.701541
118.741746
118.783471
118.825627
118.868835
118.906853
118.941463
118.976000
119.012953
119.052509
119.092811
119.131359
119.167186
119.200000
119.228892
119.255801
119.283031
119.308659
119.334556
119.365311
119.395570
119.430313
119.469252
119.512370
119.557762
119.602140
119.646080
119.687616
119.731062
119.778024
119.824162
119.867399
119.911438
119.956705
120.004288
120.048515
120.090000
120.130450
120.170459
120.209897
120.249343
120.288547
120.331331
120.376699
120.425527
120.472820
120.515404
120.555898
120.599369
120.642838
120.688067
120.732240
120.775275
120.820083
120.869719
120.921732
120.972231
121.019095
121.066144
121.111720
121.154293
121.198086
121.239975
121.283682
121.330857
121.375662
121.416466
121.455486
121.492807
121.526528
121.559959
121.595061
121.626353
121.658647
121.694217
121.733582
121.772335
121.809116
121.845149
121.879834
121.911561
121.945439
121.982545
122.020976
122.063875
122.110506
122.158798
122.205057
122.246824
122.286250
122.322620
122.359630
122.397772
122.432415
122.470178
122.507070
122.542967
122.576855
122.606641
122.634891
122.664887
122.695046
122.726736
122.763041
122.802977
122.843758
122.886858
122.929842
122.973206
123.016542
123.055800
123.093282
123.133522
123.175121
123.212844
123.249863
123.290102
123.331313
123.369197
123.411339
123.452674
123.492028
123.531473
123.572992
123.617372
123.664140
123.714141
123.766386
123.818035
123.869914
123.925776
123.978847
124.028399
124.080152
124.133794
124.184393
124.232307
124.282943
124.332738
124.382176
124.431050
124.478822
124.526754
124.575085
124.623732
124.672633
124.722763
124.773429
124.827049
124.883495
124.939062
124.994884
125.049342
125.103998
125.157528
125.211429
125.268890
125.325587
125.383951
125.443857
125.505514
125.566367
125.623423
125.680334
125.737112
125.794864
125.853537
125.907925
125.964745
126.019043
126.073380
126.126520
126.176818
126.227448
126.279891
126.333109
126.388013
126.441938
126.492798
126.542034
126.590800
126.636899
126.682510
126.725495
126.769145
126.816830
126.866373
126.916873
126.968528
127.024750
127.082835
127.139024
127.193416
127.246503
127.301978
127.358302
127.418523
127.479354
127.538872
127.600395
127.664537
127.730266
127.794154
127.854366
127.911426
127.968656
128.026463
128.081647
128.132475
128.181221
128.232298
128.283958
128.337546
128.392365
128.443111
128.491800
128.541938
128.590590
128.639044
128.689812
128.739270
128.792399
128.846894
128.902786
128.960157
129.017160
129.071585
129.126217
129.179692
129.234090
129.290725
129.348539
129.405291
129.459939
129.516262
129.572436
129.628341
129.684402
129.738639
129.788181
129.837073
129.887591
129.941766
129.995855
130.047337
130.102870
130.156532
130.210009
130.262409
130.314521
130.367323
130.424250
130.484263
130.543941
130.600929
130.654954
130.707293
130.761365
130.813720
130.867718
130.922778
130.980627
131.039109
131.100083
131.160706
131.221556
131.280353
131.337223
131.395714
131.456514
131.520379
131.584293
131.652632
131.723068
131.795633
131.868141
131.943280
132.018042
132.090476
132.160711
132.234590
132.310491
132.380485
132.451576
132.520902
132.588666
132.652748
132.712595
132.774098
132.836790
132.900626
132.966793
133.031995
133.097854
133.166972
133.239816
133.310315
133.373915
133.434342
133.496808
133.558620
133.621771
133.683264
133.743243
133.807250
133.873872
133.941044
134.007497
134.069918
134.132093
134.190395
134.246086
134.303718
134.359745
134.416063
134.475770
134.537887
134.601786
134.663799
134.722346
134.780198
134.836581
134.895729
134.957009
135.016989
135.073334
135.128142
135.185520
135.245537
135.302801
135.361716
135.421743
135.483679
135.546059
135.607813
135.672061
135.737664
135.804890
135.868684
135.932922
135.995635
136.056911
136.117100
136.179034
136.240247
136.305076
136.371345
136.442014
136.515216
136.588897
136.662000
136.733793
136.801780
136.866165
136.931141
136.995812
137.060131
137.125475
137.194374
137.261521
137.328958
137.394151
137.459492
137.526602
137.594479
137.663205
137.731312
137.800363
137.870780
137.940927
138.008774
138.073874
138.138866
138.205573
138.274143
138.341333
138.403275
138.468173
138.538778
138.609012
138.677289
138.741634
138.806684
138.871951
138.937969
139.005594
139.073498
139.138868
139.206971
139.276667
139.349439
139.418001
139.485628
139.551372
139.616986
139.681198
139.747921
139.811881
139.873731
139.932579
139.993047
140.056146
140.120785
140.185871
140.249751
140.309850
140.369087
140.428151
140.485194
140.547424
140.612693
140.679392
140.749578
140.823218
140.893579
140.960529
141.027675
141.096191
141.162716
141.227086
141.294112
141.363092
141.433600
141.501265
141.564000
141.622694
141.681388
141.741418
141.802913
141.865110
141.930075
142.001301
142.076256
142.155324
142.234851
142.316604
142.394451
142.471168
142.549709
142.630218
142.709625
142.788197
142.869512
142.950747
143.031150
143.108890
143.184605
143.260795
143.338321
143.416633
143.493006
143.567828
143.643645
143.719337
143.794893
143.867439
143.938561
144.010681
144.081118
144.151670
144.224452
144.299810
144.378593
144.459776
144.543607
144.624433
144.702787
144.783358
144.863379
144.943278
145.026486
145.105488
145.183604
145.269141
145.356050
145.440741
145.524073
145.602988
145.682923
145.762957
145.844599
145.926911
146.008516
146.093316
146.179053
146.263337
146.346410
146.427725
146.506342
146.584891
146.663095
146.740472
146.820682
146.900847
146.979166
147.057310
147.132781
147.205357
147.272048
147.336462
147.397167
147.458997
147.519494
147.584292
147.653862
147.723085
147.788147
147.855544
147.924232
147.992358
148.059961
148.130848
148.202399
148.272968
148.346117
148.420894
148.495367
148.569322
148.641404
148.713099
148.784048
148.856652
148.934782
149.011277
149.089466
149.172390
149.258522
149.342306
149.426486
149.505670
149.580098
149.649715
149.720304
149.787167
149.851745
149.916262
149.982821
150.056081
150.129315
150.201591
150.275477
150.352554
150.429248
150.507678
150.587634
150.671107
150.753413
150.833504
150.909412
150.981415
151.058514
151.140026
151.223772
151.308947
151.390655
151.470688
151.551317
151.636601
151.721061
151.804632
151.884762
151.965739
152.049770
152.132657
152.213177
152.294291
152.378313
152.463917
152.547670
152.630765
152.715666
152.798915
152.877595
152.952678
153.025139
153.098222
153.172163
153.247042
153.322656
153.397993
153.472430
153.545249
153.617144
153.689596
153.762031
153.834985
153.908889
153.983689
154.059451
154.133396
154.206675
154.276054
154.345870
154.415967
154.483203
154.548529
154.615173
154.683080
154.753366
154.827306
154.900731
154.974323
155.048807
155.122378
155.194261
155.267013
155.338520
155.410243
155.485584
155.561785
155.638640
155.713441
155.787077
155.860768
155.934351
156.009011
156.085885
156.160087
156.238262
156.319705
156.403361
156.485968
156.568301
156.651244
156.732282
156.812028
156.889818
156.968864
157.050761
157.133250
157.217525
157.301937
157.384539
157.466199
157.544317
157.618900
157.692237
157.765718
157.838849
157.911667
157.987059
158.065708
158.141986
158.217210
158.292694
158.369185
158.445679
158.521232
158.595311
158.671118
158.750042
158.831502
158.915291
158.996125
159.074071
159.152014
159.227583
159.305610
159.385228
159.459683
159.534265
159.607902
159.685021
159.764863
159.844166
159.927568
160.013420
160.099849
160.185437
160.272186
160.355216
160.441160
160.529020
160.615260
160.696945
160.781232
160.863375
160.945829
161.026595
161.106632
161.188558
161.272624
161.355652
161.437054
161.514120
161.591402
161.667846
161.746679
161.828917
161.911068
161.998372
162.082379
162.164866
162.244537
162.323514
162.403120
162.485572
162.566765
162.647489
162.727684
162.810589
162.892132
162.976923
163.066537
163.155239
163.242501
163.325889
163.407377
163.491114
163.575153
163.658431
163.741317
163.823816
163.906733
163.990149
164.074805
164.157956
164.236985
164.318876
164.401254
164.483984
164.568869
164.652564
164.738081
164.828413
164.917950
165.005842
165.092583
165.180688
165.264451
165.347460
165.430390
165.510095
165.589012
165.669382
165.750970
165.831759
165.911583
165.991390
166.073561
166.155428
166.239829
166.324576
166.408170
166.492050
166.576463
166.662679
166.747904
166.833250
166.917172
166.999485
167.080771
167.163054
167.243057
167.323453
167.405148
167.488834
167.574102
167.659037
167.744215
167.827555
167.909716
167.992349
168.072985
168.156241
168.238583
168.317231
168.395930
168.475543
168.555187
168.635199
168.711657
168.786817
168.862303
168.933845
169.007417
169.083746
169.163423
169.246268
169.324963
169.403945
169.484158
169.562514
169.641450
169.718146
169.793615
169.869539
169.946729
170.022164
170.099634
170.178297
170.257935
170.336889
170.417022
170.499689
170.578275
170.656586
170.741619
170.830828
170.924580
171.012855
171.100144
171.186877
171.277443
171.369568
171.462395
171.549275
171.633881
171.720533
171.811425
171.898146
171.981726
172.065937
172.154330
172.242674
172.327349
172.409094
172.493411
172.579633
172.667870
172.752057
172.834263
172.918016
173.002571
173.087341
173.171939
173.252129
173.330410
173.415625
173.509031
173.604117
173.694346
173.782146
173.869133
173.958202
174.051370
174.142763
174.228699
174.316095
174.406641
174.500894
174.592385
174.679008
174.761373
174.845222
174.930237
175.016191
175.101754
175.184752
175.269455
175.356658
175.444854
175.532931
175.617005
175.697947
175.779525
175.863401
175.947628
176.032817
176.120568
176.208079
176.299757
176.389291
176.476748
176.560971
176.644964
176.730895
176.818410
176.907322
176.998400
177.091204
177.183948
177.275509
177.364046
177.450478
177.538793
177.626977
177.714664
177.801293
177.890335
177.982018
178.074740
178.167039
178.259625
178.350057
178.437643
178.527965
178.620315
178.709413
178.798876
178.888538
178.978898
179.073474
179.166768
179.257001
179.347430
179.435213
179.519335
179.604425
179.692684
179.786522
179.877000
179.969010
180.067707
180.165504
180.261409
180.352562
180.443811
180.538750
180.632434
180.724750
180.815710
180.904167
180.990807
181.078973
181.169134
181.255530
181.338508
181.420094
181.504089
181.585182
181.672099
181.760571
181.849255
181.938393
182.024630
182.112486
182.198715
182.279544
182.361040
182.443853
182.525758
182.610719
182.696446
182.783107
182.868400
182.954208
183.037379
183.123015
183.209422
183.295641
183.381642
183.469561
183.562328
183.654704
183.743181
183.828846
183.917185
184.004939
184.093008
184.180198
184.269056
184.355150
184.440111
184.528106
184.616250
184.705982
184.796259
184.884047
184.969559
185.057699
185.143597
185.229061
185.317732
185.408856
185.501239
185.591571
185.681110
185.768263
185.852915
185.937987
186.025738
186.114976
186.207609
186.303267
186.400559
186.496602
186.595448
186.695096
186.793137
186.886330
186.975809
187.064844
187.152383
187.241571
187.330661
187.419875
187.510487
187.602864
187.697946
187.788837
187.874278
187.956069
188.037864
188.119392
188.202964
188.285645
188.369080
188.453710
188.538893
188.627232
188.719436
188.812809
188.905275
188.992183
189.079396
189.170505
189.265163
189.360584
189.458128
189.554407
189.653092
189.751013
189.844010
189.936945
190.030426
190.127084
190.226358
190.326034
190.426750
190.526397
190.629056
190.732123
190.832743
190.927122
191.016270
191.106812
191.194693
191.282216
191.373391
191.467930
191.564437
191.656585
191.748398
191.839079
191.932684
192.027050
192.122921
192.220206
192.317384
192.410726
192.496272
192.577948
192.657359
192.736937
192.821561
192.906764
192.992298
193.074964
193.157037
193.240336
193.325074
193.410074
193.491938
193.574703
193.658373
193.743810
193.834205
193.927168
194.016605
194.104572
194.189436
194.269877
194.350295
194.427317
194.505547
194.583557
194.663845
194.741016
194.826519
194.916255
195.007491
195.098828
195.185537
195.274077
195.362988
195.450274
195.540532
195.626353
195.713857
195.805237
195.898374
195.993383
196.084966
196.173155
196.260658
196.350412
196.445146
196.542736
196.641774
196.746196
196.856507
196.966092
197.078086
197.184712
197.289902
197.393899
197.494989
197.592474
197.684973
197.778155
197.877179
197.981142
198.090246
198.198587
198.307033
198.416386
198.530123
198.641960
198.750741
198.857645
198.965771
199.075381
199.181545
199.282852
199.379758
199.479095
199.584525
199.694740
199.810675
199.922297
200.026823
200.126749
200.224927
200.324236
200.421949
200.527383
200.636452
200.738831
200.836876
200.928759
201.022971
201.125105
201.228594
201.333019
201.429022
201.519614
201.607241
201.696768
201.789932
201.889808
201.991981
202.093609
202.200504
202.307437
202.413696
202.515752
202.612653
202.710052
202.806847
202.903216
203.000155
203.096686
203.194888
203.293034
203.393569
203.494918
203.594599
203.693540
203.792801
203.892572
203.991793
204.091796
204.192804
204.294984
204.401695
204.511361
204.614000
204.717537
204.819343
204.920933
205.026183
205.132516
205.240373
205.347500
205.456241
205.565038
205.673009
205.777187
205.879782
205.985089
206.094571
206.204009
206.312100
206.421323
206.530675
206.639898
206.750261
206.856653
206.958510
207.062904
207.170898
207.279211
207.388395
207.496025
207.602262
207.709966
207.818604
207.920259
208.019008
208.118459
208.221094
208.326859
208.436242
208.543920
208.652391
208.757228
208.859463
208.961052
209.059578
209.156419
209.249931
209.342359
209.434549
209.524170
209.612383
209.704746
209.797270
209.891239
209.986456
210.080061
210.173363
210.270895
210.367173
210.463108
210.559577
210.659752
210.759312
210.858698
210.960053
211.060051
211.157636
211.255166
211.353050
211.450740
211.545881
211.643227
211.740603
211.838799
211.936471
212.033213
212.127924
212.221798
212.316830
212.412292
212.502402
212.590873
212.681486
212.773833
212.873000
212.971484
213.062023
213.146775
213.230765
213.319303
213.412685
213.503278
213.594238
213.686999
213.781340
213.874196
213.961642
214.044288
214.127869
214.216125
214.308051
214.398050
214.488563
214.577987
214.669490
214.760953
214.854857
214.948157
215.045014
215.143151
215.241664
215.342164
215.440827
215.537560
215.635961
215.735575
215.833819
215.931043
216.030151
216.129810
216.228821
216.330194
216.429053
216.528146
216.628434
216.732248
216.837090
216.940003
217.039734
217.140994
217.243986
217.347261
217.450046
217.549619
217.651101
217.754943
217.858046
217.959760
218.058441
218.157181
218.257659
218.357803
218.459752
218.557552
218.653742
218.751979
218.854210
218.956118
219.052779
219.146304
219.239539
219.335751
219.433693
219.532878
219.633259
219.734953
219.839714
219.944403
220.043966
220.140347
220.237521
220.337659
220.438106
220.536400
220.633489
220.728760
220.825184
220.920219
221.012360
221.104678
221.195722
221.288845
221.386177
221.485321
221.582284
221.678310
221.774645
221.872679
221.970585
222.066149
222.159767
222.256002
222.353547
222.450296
222.543985
222.635435
222.726090
222.821047
222.916955
223.010883
223.102121
223.194670
223.287031
223.383586
223.479957
223.573670
223.667018
223.765057
223.864819
223.963746
224.060578
224.154796
224.250013
224.346112
224.440741
224.533584
224.628417
224.726736
224.827830
224.930805
225.032389
225.135106
225.232271
225.329118
225.428193
225.528230
225.628897
225.731037
225.834116
225.941559
226.042422
226.134971
226.230511
226.331015
226.434438
226.538272
226.636153
226.733150
226.832594
226.932627
227.033716
227.128709
227.219008
227.308921
227.395646
227.484003
227.574748
227.668631
227.763216
227.858995
227.956106
228.052893
228.148535
228.247332
228.348578
228.449072
228.551037
228.651691
228.749939
228.850985
228.952053
229.052850
229.151481
229.246619
229.343329
229.443910
229.547343
229.649144
229.752217
229.861143
229.967120
230.071904
230.178074
230.282116
230.382591
230.482001
230.583008
230.688805
230.795123
230.900011
231.002710
231.101704
231.199757
231.297078
231.397396
231.497724
231.601022
231.706023
231.808732
231.912023
232.017888
232.124804
232.226866
232.324758
232.422987
232.523102
232.624281
232.724940
232.822075
232.920160
233.021763
233.124367
233.226478
233.324116
233.420605
233.521271
233.621393
233.721276
233.822560
233.923574
234.023392
234.124487
234.223655
234.321504
234.420941
234.517017
234.612932
234.709975
234.809293
234.908946
235.008618
235.111383
235.217463
235.322953
235.424187
235.519918
235.617101
235.715880
235.816690
235.912547
236.008687
236.104595
236.203011
236.299338
236.393937
236.489243
236.585114
236.682606
236.783106
236.881518
236.981044
237.083686
237.187207
237.292033
237.394783
237.493760
237.594113
237.695606
237.795417
237.898223
238.001898
238.106222
238.211936
238.318798
238.423355
238.526678
238.630817
238.736706
238.842171
238.948338
239.055665
239.166230
239.279836
239.394110
239.507006
239.616884
239.723685
239.826928
239.932669
240.036906
240.141255
240.243881
240.344806
240.447374
240.549645
240.652203
240.754530
240.856504
240.956521
241.056082
241.157845
241.258377
241.358193
241.456203
241.552848
241.649521
241.741724
241.830832
241.921148
242.010355
242.098697
242.183035
242.267291
242.355290
242.445250
242.532666
242.614932
242.691559
242.765286
242.837935
242.909952
242.978534
243.045611
243.107854
243.169102
243.228962
243.287514
243.343603
243.396963
243.445234
243.485070
243.520367
243.558425
243.592220
243.621818
243.649983
243.680271
243.711545
243.738213
243.758948
243.773012
243.783459
243.790223
243.795306
243.795011
243.794942
243.799205
243.806588
243.814086
243.818471
243.819911
243.814658
243.803935
243.786523
243.763824
243.732194
243.692669
243.649520
243.604723
243.560898
243.518432
243.471388
243.419419
243.360650
243.299465
243.232924
243.161168
243.081949
243.004005
242.924554
242.844209
242.765574
242.685157
242.608454
242.535762
242.459419
242.377391
242.293485
242.210989
242.123262
242.031550
241.940724
241.850510
241.762967
241.670142
241.570895
241.467088
241.355727
241.237970
241.116532
240.991799
240.864609
240.733048
240.602780
240.470741
240.336433
240.200062
240.063040
239.922649
239.782627
239.638409
239.487130
239.334646
239.185704
239.037375
238.891638
238.746899
238.604206
238.461747
238.314308
238.165760
238.018785
237.872752
237.727599
237.582518
237.438052
237.294707
237.152544
237.010654
236.871269
236.727578
236.578861
236.426358
236.278502
236.131772
235.985685
235.839778
235.696169
235.551526
235.405951
235.263016
235.121886
234.978701
234.834715
234.690214
234.550079
234.413479
234.280517
234.148922
234.016478
233.881802
233.748176
233.617066
233.482727
233.350307
233.221695
233.095573
232.973913
232.856264
232.741741
232.629258
232.516458
232.403549
232.290457
232.179334
232.065186
231.948895
231.832974
231.721989
231.614128
231.507406
231.401188
231.292556
231.183860
231.077485
230.973791
230.875634
230.781689
230.694127
230.614915
230.538962
230.461422
230.385774
230.310294
230.232035
230.159785
230.090152
230.026648
229.970246
229.918178
229.872163
229.830854
229.792039
229.757815
229.729774
229.707566
229.684018
229.667910
229.655455
229.648748
229.648084
229.650180
229.652067
229.653830
229.659363
229.667582
229.681203
229.698066
229.720023
229.747446
229.782744
229.820962
229.865644
229.912691
229.964749
230.025741
230.095896
230.167907
230.250189
230.334836
230.429235
230.528825
230.632341
230.743796
230.856473
230.975059
231.096392
231.227289
231.359184
231.498299
231.648126
231.809915
231.979337
232.154037
232.340920
232.536069
232.736978
232.942117
233.151756
233.373967
233.609328
233.854715
234.110334
234.376064
234.650792
234.934423
235.223037
235.521207
235.838571
236.167042
236.507499
236.860009
237.228640
237.614916
238.013067
238.423241
238.841532
239.270051
239.705492
240.147454
240.599142
241.066080
241.557063
242.061086
242.571114
243.095380
243.633093
244.176816
244.730773
245.297390
245.874647
246.463513
247.075091
247.691951
248.317186
248.969100
249.632993
250.309133
250.998164
251.700027
252.419710
253.148992
253.893888
254.652231
255.433264
256.227771
257.032799
257.851398
258.684217
259.536655
260.399013
261.282832
262.182850
263.104648
264.042071
264.998099
265.975590
266.966484
267.976624
269.005345
270.060427
271.133903
272.228654
273.346706
274.489460
275.645669
276.822130
278.022228
279.237591
280.469741
281.720439
282.999821
284.291853
285.601345
286.938414
288.288612
289.652386
291.036912
292.437275
293.854083
295.286914
296.740486
298.213898
299.710603
301.218144
302.737434
304.282242
305.838680
307.406746
309.005162
310.610436
312.228523
313.870343
315.525067
317.206835
318.906955
320.633723
322.372319
324.130593
325.903120
327.705635
329.527647
331.372832
333.228753
335.106179
336.996139
338.905024
340.843090
342.786030
344.753718
346.748792
348.746921
350.764898
352.808272
354.860387
356.921022
359.016405
361.127070
363.257098
365.417649
367.581073
369.766602
371.972597
374.188275
376.422017
378.679896
380.949233
383.233439
385.546863
387.860503
390.192665
392.556181
394.922272
397.298340
399.703756
402.116889
404.532330
406.969657
409.402189
411.851416
414.330298
416.805670
419.301311
421.823222
424.351212
426.896218
429.463105
432.036391
434.621709
437.237410
439.857921
442.496366
445.162572
447.826710
450.512804
453.223425
455.931831
458.662031
461.417873
464.178328
466.951870
469.755799
472.559468
475.377504
478.217793
481.065296
483.926434
486.820106
489.712997
492.613604
495.539433
498.467666
501.403357
504.363531
507.331397
510.301661
513.303821
516.298427
519.309057
522.341650
525.364100
528.379485
531.458022
534.528906
537.612107
540.718766
543.837459
546.966682
550.125547
553.289799
556.468306
559.669314
562.869367
566.078526
569.300653
572.555266
575.805310
579.068671
582.359060
585.640957
588.942394
592.271056
595.604936
598.948924
602.321438
605.695024
609.077800
612.476162
615.891645
619.316708
622.765920
626.208321
629.661169
633.140762
636.616736
640.107080
643.610663
647.144009
650.669213
654.211700
657.785853
661.331725
664.914512
668.529720
672.156311
675.789001
679.466217
683.161237
686.881338
690.647086
694.382881
698.139381
701.877797
705.643086
709.434338
713.177188
716.936587
720.715345
724.487946
728.312656
732.128617
735.962744
739.813773
743.692095
747.577493
751.472373
755.405667
759.325416
763.251066
767.212093
771.159937
775.113550
779.099590
783.082663
787.071240
791.081637
795.080568
799.090573
803.132134
807.159416
811.201308
815.270487
819.330719
823.392606
827.492020
831.576129
835.669605
839.794944
843.908378
848.033893
852.189217
856.333344
860.486411
864.667044
868.838392
873.019878
877.229291
881.425247
885.635782
889.877323
894.110144
898.345405
902.575323
906.838120
911.126354
915.429882
919.736614
924.028290
928.317083
932.647570
936.905650
941.233570
945.582297
949.915649
954.269962
958.648874
963.017561
967.396430
971.809413
976.224692
980.643222
985.092789
989.529947
993.973660
998.454053
1002.918052
1007.395718
1011.910621
1016.390377
1020.882790
1025.408605
1029.927315
1034.452197
1039.006047
1043.539951
1048.092187
1052.679362
1057.251754
1061.825316
1066.429153
1071.016322
1075.612679
1080.239496
1084.847894
1089.470471
1094.115336
1098.744228
1103.375105
1108.042615
1112.680340
1117.345415
1122.047299
1126.739617
1131.437956
1136.138758
1140.853964
1145.601478
1150.317021
1155.043926
1159.804242
1164.539090
1169.290088
1174.049395
1178.814373
1183.622060
1188.407548
1193.202343
1198.029259
1202.842348
1207.663701
1212.515568
1217.355542
1222.209657
1227.065671
1231.954013
1236.831601
1241.702665
1246.579801
1251.466496
1256.360032
1261.265122
1266.178990
1271.100850
1276.046594
1280.975385
1285.906141
1290.847050
1295.784923
1300.729176
1305.710504
1310.683418
1315.663296
1320.668575
1325.669359
1330.668636
1335.672730
1340.740912
1345.780164
1350.817009
1355.892225
1360.952618
1366.021381
1371.127150
1376.224517
1381.337896
1386.526317
1391.665003
1396.820018
1401.985691
1407.159294
1412.345359
1417.573701
1422.780037
1427.992768
1433.232220
1438.486809
1443.730365
1448.981018
1454.277900
1459.561055
1464.851231
1470.162939
1475.453401
1480.741845
1486.079449
1491.411082
1496.745893
1502.104229
1507.449101
1512.805258
1518.199778
1523.573665
1528.956253
1534.348404
1539.760329
1545.183118
1550.592010
1556.011868
1561.475594
1566.925893
1572.389941
1577.889986
1583.369998
1588.854378
1594.369680
1599.861193
1605.368970
1610.907326
1616.422165
1621.947524
1627.509500
1633.057371
1638.615697
1644.214914
1649.791589
1655.379286
1661.017967
1666.672957
1672.298681
1677.960130
1683.596774
1689.237551
1694.902404
1700.565338
1706.239236
1711.943656
1717.630603
1723.327500
1729.055805
1734.762177
1740.469065
1746.215450
1751.945494
1757.685223
1763.429723
1769.199808
1774.949697
1780.710484
1786.505828
1792.270385
1798.042689
1803.850580
1809.645746
1815.449589
1821.284717
1827.101727
1832.923869
1838.782475
1844.615790
1850.463730
1856.346911
1862.211664
1868.085047
1873.980624
1879.894106
1885.825455
1891.786178
1897.731768
1903.699928
1909.672613
1915.689080
1921.693611
1927.711886
1933.756946
1939.834802
1945.939064
1952.050440
1958.190527
1964.398022
1970.585543
1976.796978
1983.027281
1989.296850
1995.564205
2001.840782
2008.136709
2014.436243
2020.771250
2027.093684
2033.427307
2039.780556
2046.178250
2052.554511
2058.943488
2065.354346
2071.811918
2078.247128
2084.695411
2091.157849
2097.674005
2104.167627
2110.665264
2117.178340
2123.735381
2130.281035
2136.840600
2143.423226
2150.052855
2156.670582
2163.309644
2169.968064
2176.669748
2183.352906
2190.048809
2196.782886
2203.522167
2210.270813
2217.072762
2223.870656
2230.689705
2237.519304
2244.371333
2251.280103
2258.177355
2265.088663
2272.018964
2278.973255
2285.985529
2292.991251
2300.064373
2306.873286
2313.886375
2320.943677
2328.018767
2335.089864
2342.171891
2349.351603
2356.512226
2363.731738
2370.980682
2378.203613
2385.454479
2392.771599
2400.063355
2407.382074
2414.721829
2422.117276
2429.498076
2436.897584
2444.357482
2451.802335
2459.274359
2466.770344
2474.319533
2481.851973
2489.407432
2497.022804
2504.620067
2512.238740
2519.916945
2527.591711
2535.287901
2543.053303
2550.801885
2558.577411
2566.428198
2574.254769
2582.111558
2590.031044
2597.927754
2605.846520
2613.829837
2621.801316
2629.797429
2637.847149
2645.872086
2653.923101
2662.036981
2670.127298
2678.240614
2686.414367
2694.578361
2702.758978
2711.015339
2719.241032
2727.490575
2735.803974
2744.103684
2752.433539
2760.832730
2769.220671
2777.648166
2786.150997
2794.648180
2803.173412
2811.766524
2820.352912
2828.970615
2837.663579
2846.349978
2855.073716
2863.882845
2872.687409
2881.529210
2890.440599
2899.352174
2908.302082
2917.328777
2926.358283
2935.423563
2944.572018
2953.714253
2962.905989
2972.184465
2981.470213
2990.803824
3000.227473
3009.654265
3019.127882
3028.697930
3038.281628
3047.904949
3057.635447
3067.353326
3077.138076
3087.023382
3096.914041
3106.848798
3116.882542
3126.924125
3137.016123
3147.213886
3157.425228
3167.675356
3178.023815
3188.381207
3198.791266
3209.292246
3219.800408
3230.358819
3241.016227
3251.673086
3262.389671
3273.209590
3284.029633
3294.897493
3305.873920
3316.845623
3327.867249
3338.986571
3350.115479
3361.289848
3372.573248
3383.850572
3395.181196
3406.609095
3418.040988
3429.523737
3441.106488
3452.680320
3464.297307
3476.015850
3487.726621
3499.483222
3511.341959
3523.188150
3535.084053
3547.087706
3559.079525
3571.109659
3583.242508
3595.361915
3607.530046
3619.799198
3632.056386
3644.352672
3656.763182
3669.158329
3681.601251
3694.143041
3706.666644
3719.234192
3731.905613
3744.560376
3757.255457
3770.050365
3782.825884
3795.642000
3808.545176
3821.461874
3834.398652
3847.439487
3860.457840
3873.520302
3886.689396
3899.833489
3913.013824
3926.304169
3939.574925
3952.885181
3966.290170
3979.657800
3993.075307
4006.586067
4020.099764
4033.631349
4047.206357
4060.875445
4074.506859
4088.181494
4101.947686
4115.674644
4129.431517
4143.294454
4157.129417
4170.997275
4184.974759
4198.927324
4212.920081
4226.996249
4241.044771
4255.133053
4269.317330
4283.465236
4297.653537
4311.947252
4326.203895
4340.501119
4354.895540
4369.263836
4383.649622
4398.141024
4412.598719
4427.075985
4441.682401
4456.241781
4470.834617
4485.531621
4500.194211
4514.884767
4529.682575
4544.435430
4559.222651
4574.108654
4588.946674
4603.815273
4618.718284
4633.654020
4648.668143
4663.644727
4678.712968
4693.717150
4708.747395
4723.851927
4738.876715
4754.003273
4769.064196
4784.128002
4799.282723
4814.377916
4829.484633
4844.653346
4859.790711
4874.890720
4890.063808
4905.181575
4920.294237
4935.470888
4950.561995
4965.641679
4980.778350
4995.837571
5010.901565
5026.007810
5041.020247
5056.017317
5071.054921
5086.012204
5100.952760
5115.951133
5130.850105
5145.718853
5160.622593
5175.462605
5190.281316
5205.162657
5219.942837
5234.699278
5249.496873
5264.174776
5278.842171
5293.557947
5308.185725
5322.783902
5337.412742
5351.942175
5366.441865
5380.985856
5395.431192
5409.843393
5424.283004
5438.630006
5452.945617
5467.310134
5481.568322
5495.778632
5510.018845
5524.159731
5538.277470
5552.432673
5566.468800
5580.467066
5594.491733
5608.432553
5622.332923
5636.267522
5650.085793
5663.852335
5677.656097
5691.360629
5705.020732
5718.695276
5732.276058
5745.816267
5759.334003
5772.862648
5786.277979
5799.645394
5813.034399
5826.334645
5839.600239
5852.882059
5866.050715
5879.174429
5892.329410
