0.015983
0.013853
0.010582
0.009118
0.006644
0.004307
0.006251
0.010100
0.012182
0.012941
0.014646
0.015620
0.016304
0.016794
0.016351
0.015549
0.015407
0.016159
0.016750
0.016361
0.017107
0.017959
0.018282
0.018512
0.018105
0.017631
0.017506
0.017519
0.017645
0.017899
0.017377
0.017849
0.017783
0.018403
0.019032
0.019757
0.020116
0.019373
0.018746
0.019162
0.019249
0.018572
0.018569
0.018483
0.018776
0.018103
0.018662
0.019550
0.019002
0.019383
0.020272
0.020487
0.020445
0.020275
0.019857
0.019393
0.018960
0.018696
0.019335
0.019473
0.020123
0.020163
0.019618
0.020608
0.020167
0.019847
0.019709
0.019695
0.020155
0.020763
0.022468
0.022071
0.022939
0.022985
0.023681
0.023195
0.022280
0.021409
0.021116
0.020994
0.021010
0.021004
0.021718
0.021670
0.022157
0.022172
0.021888
0.022646
0.021359
0.021202
0.022103
0.023449
0.024105
0.024265
0.023858
0.023493
0.023059
0.023113
0.023741
0.023928
0.024566
0.025228
0.024665
0.024071
0.024304
0.022520
0.022441
0.022585
0.022802
0.022155
0.022372
0.022382
0.022000
0.021324
0.020731
0.022159
0.022173
0.024071
0.024180
0.024433
0.023815
0.023222
0.023365
0.023383
0.023231
0.022336
0.022590
0.022582
0.022159
0.022936
0.022364
0.022726
0.024143
0.024146
0.023411
0.023039
0.022375
0.023143
0.023430
0.023206
0.023828
0.023427
0.022631
0.022270
0.021792
0.022318
0.023490
0.023545
0.024155
0.024116
0.023937
0.023943
0.023528
0.022877
0.022682
0.023014
0.023217
0.022634
0.022304
0.021737
0.022273
0.022423
0.023360
0.023360
0.023477
0.023503
0.024200
0.024291
0.024602
0.024688
0.024589
0.024863
0.025106
0.023395
0.023150
0.024455
0.024171
0.024121
0.024807
0.025455
0.025543
0.025435
0.025493
0.025493
0.024962
0.024403
0.023818
0.024266
0.024192
0.023706
0.023798
0.023799
0.024047
0.024774
0.025082
0.024487
0.024673
0.024892
0.024662
0.024311
0.024411
0.024111
0.024639
0.024590
0.024254
0.024334
0.025013
0.024761
0.024491
0.025694
0.025424
0.025433
0.025656
0.025758
0.026404
0.025946
0.025402
0.025549
0.025593
0.024792
0.024505
0.024068
0.023443
0.022898
0.023346
0.023138
0.023811
0.023560
0.024043
0.024443
0.021714
0.023105
0.025153
0.021842
0.023025
0.023075
0.021173
0.022492
0.024257
0.024403
0.024716
0.024389
0.025214
0.024660
0.025169
0.025196
0.025621
0.024842
0.024462
0.024877
0.026027
0.025059
0.024353
0.025236
0.024819
0.024890
0.025898
0.027961
0.026396
0.026865
0.025567
0.026008
0.023542
0.023960
0.025058
0.023561
0.024701
0.024557
0.025394
0.026039
0.025035
0.024914
0.025244
0.025113
0.025131
0.025651
0.025166
0.026024
0.025832
0.025710
0.026053
0.025721
0.024642
0.024077
0.023587
0.023689
0.024185
0.024186
0.024321
0.024505
0.024510
0.024293
0.024003
0.024426
0.024698
0.025343
0.025377
0.025215
0.025449
0.025295
0.025139
0.025421
0.025201
0.024633
0.024233
0.025072
0.025433
0.025859
0.026418
0.026929
0.027297
0.027288
0.027587
0.026867
0.026307
0.024983
0.026299
0.026364
0.026624
0.026606
0.026082
0.026367
0.026030
0.025629
0.025328
0.026133
0.026360
0.026346
0.026027
0.026497
0.026051
0.026167
0.025885
0.026990
0.026512
0.025679
0.026255
0.026565
0.026386
0.026079
0.026030
0.025954
0.025682
0.026175
0.025939
0.025736
0.024963
0.024766
0.024946
0.026083
0.027586
0.028512
0.028030
0.027775
0.027007
0.026599
0.026159
0.025688
0.025140
0.024547
0.024261
0.023681
0.023608
0.023488
0.025007
0.025173
0.025658
0.026144
0.026261
0.025693
0.026203
0.027045
0.026383
0.026649
0.025923
0.026599
0.026096
0.026394
0.025086
0.025064
0.025961
0.024876
0.024506
0.023978
0.023694
0.023101
0.023919
0.024462
0.025728
0.025551
0.024525
0.024893
0.024583
0.024633
0.025254
0.026444
0.026707
0.027248
0.027925
0.027855
0.027916
0.028064
0.026879
0.026624
0.026013
0.025432
0.024695
0.024638
0.023978
0.024379
0.024776
0.025874
0.027766
0.028170
0.028285
0.028038
0.027977
0.028087
0.028581
0.028263
0.026844
0.026793
0.025791
0.025456
0.025047
0.024649
0.024025
0.024413
0.024243
0.023667
0.024776
0.025425
0.025234
0.025206
0.026246
0.025852
0.026277
0.025761
0.025292
0.024945
0.024421
0.025069
0.025032
0.025138
0.026204
0.026627
0.026998
0.027321
0.028371
0.027983
0.027657
0.027614
0.027308
0.026635
0.025845
0.025448
0.024695
0.024601
0.024271
0.024444
0.024455
0.024978
0.026272
0.026880
0.026423
0.026594
0.026132
0.025765
0.025312
0.025996
0.025558
0.025765
0.024891
0.025425
0.025098
0.025781
0.025243
0.024730
0.025032
0.025190
0.025402
0.025519
0.027669
0.026391
0.028473
0.031281
0.040474
0.055112
0.072100
0.092523
0.115678
0.142300
0.172045
0.199965
0.229621
0.258852
0.287843
0.313019
0.334691
0.356468
0.374666
0.391896
0.411194
0.431308
0.452924
0.473040
0.493100
0.513363
0.537608
0.565798
0.596867
0.629406
0.661369
0.696294
0.733358
0.775754
0.823911
0.877959
0.932494
0.987170
1.044744
1.103899
1.164648
1.223847
1.284959
1.344677
1.402831
1.453489
1.499508
1.545869
1.593687
1.639954
1.687430
1.738580
1.787289
1.836969
1.890730
1.943138
1.994815
2.044345
2.091863
2.136395
2.178828
2.217415
2.257658
2.302755
2.349019
2.390385
2.428195
2.468173
2.512329
2.559885
2.608056
2.654647
2.699410
2.743530
2.786837
2.826575
2.865320
2.903129
2.940262
2.978654
3.017824
3.059411
3.106846
3.156866
3.207922
3.256588
3.301759
3.344231
3.387169
3.428478
3.467192
3.507484
3.545877
3.589022
3.635785
3.687112
3.739773
3.798085
3.854748
3.907850
3.957361
4.005992
4.057744
4.111717
4.171146
4.235215
4.299921
4.359631
4.422637
4.489619
4.556597
4.624276
4.694775
4.766490
4.838493
4.914543
4.994872
5.075685
5.154399
5.237052
5.326993
5.418473
5.508615
5.595010
5.683681
5.768890
5.857216
5.947187
6.038196
6.128433
6.216682
6.306560
6.392545
6.476844
6.556862
6.636963
6.719226
6.802085
6.883456
6.962966
7.045990
7.131318
7.217926
7.305061
7.392462
7.481654
7.569794
7.655499
7.743743
7.840325
7.937370
8.029328
8.120043
8.212804
8.300339
8.385278
8.468492
8.548135
8.624755
8.700748
8.781179
8.860496
8.938352
9.014117
9.088623
9.163022
9.232713
9.301676
9.368165
9.437029
9.503022
9.568441
9.631841
9.693169
9.756737
9.815763
9.872056
9.926256
9.978060
10.028535
10.081580
10.134710
10.185230
10.230976
10.275392
10.319431
10.359441
10.399754
10.440667
10.478914
10.516246
10.554884
10.597343
10.643941
10.687166
10.729590
10.778261
10.831478
10.883589
10.927502
10.965720
10.996627
11.032919
11.073483
11.114957
11.151902
11.183250
11.214456
11.245408
11.272977
11.298695
11.322599
11.350069
11.380946
11.417420
11.457377
11.492016
11.523571
11.555539
11.589466
11.619154
11.649474
11.683139
11.720224
11.754011
11.786473
11.816770
11.846179
11.877283
11.907993
11.934635
11.958906
11.980491
12.000419
12.022746
12.051372
12.082719
12.116194
12.150086
12.189350
12.228232
12.263294
12.295618
12.330639
12.368900
12.410259
12.453183
12.497743
12.541250
12.586032
12.635116
12.680536
12.720091
12.760151
12.804788
12.855059
12.910558
12.967436
13.024910
13.082084
13.139906
13.196565
13.250424
13.302654
13.356976
13.412046
13.469854
13.528365
13.585867
13.644906
13.707495
13.769047
13.827475
13.879066
13.928492
13.978686
14.026966
14.081181
14.135688
14.192952
14.250937
14.309387
14.373487
14.433870
14.489961
14.546992
14.607502
14.673512
14.747733
14.819782
14.894643
14.971062
15.050191
15.131685
15.210279
15.284365
15.355075
15.426258
15.499825
15.574045
15.646879
15.722354
15.800490
15.879332
15.958045
16.035354
16.115111
16.194931
16.273188
16.355339
16.440065
16.525833
16.612616
16.701322
16.790733
16.881126
16.970012
17.058537
17.144673
17.227397
17.313838
17.400260
17.488396
17.574915
17.662968
17.749909
17.838227
17.923159
18.005386
18.089759
18.174930
18.264676
18.349857
18.434276
18.520314
18.608047
18.699822
18.788450
18.871306
18.950882
19.030642
19.114797
19.201060
19.284814
19.372381
19.456578
19.541953
19.627278
19.711112
19.790483
19.870103
19.957250
20.041227
20.124413
20.208606
20.295040
20.381945
20.468681
20.551104
20.633611
20.716961
20.802603
20.890132
20.977448
21.061284
21.143840
21.231377
21.326440
21.422393
21.512876
21.600085
21.688205
21.782292
21.873613
21.964204
22.054908
22.144240
22.232893
22.316812
22.402314
22.483458
22.566759
22.650708
22.733729
22.815367
22.896965
22.978217
23.057604
23.139251
23.224867
23.317118
23.403495
23.487235
23.573538
23.661998
23.751565
23.838023
23.927004
24.015433
24.103889
24.192915
24.277427
24.358277
24.438578
24.518580
24.595664
24.668967
24.741214
24.814405
24.889621
24.965282
25.039607
25.108786
25.173768
25.238437
25.301566
25.359470
25.411191
25.463529
25.520291
25.585175
25.654921
25.734679
25.820288
25.904573
25.989893
26.075026
26.164434
26.253981
26.343970
26.440675
26.539832
26.635869
26.729831
26.826946
26.919563
27.011563
27.105152
27.200580
27.296760
27.391656
27.485368
27.576910
27.665599
27.752563
27.834402
27.915882
27.994146
28.068709
28.137094
28.204259
28.272669
28.345505
28.423893
28.508353
28.597903
28.684754
28.770875
28.858368
28.950486
29.046617
29.145503
29.248671
29.354062
29.457547
29.558706
29.664741
29.775189
29.887057
29.998466
30.109707
30.225983
30.340992
30.449102
30.558314
30.667730
30.779171
30.890987
31.003638
31.114385
31.222516
31.328282
31.432991
31.537639
31.643091
31.746906
31.857753
31.967548
32.072974
32.174858
32.275488
32.377585
32.479106
32.580013
32.678925
32.781598
32.887396
32.995673
33.102106
33.204692
33.306613
33.411156
33.516813
33.625285
33.731883
33.836233
33.940872
34.046670
34.151767
34.253554
34.354833
34.459423
34.566900
34.673992
34.777556
34.881661
34.987382
35.094479
35.197968
35.297723
35.391509
35.480858
35.566469
35.648983
35.729882
35.810411
35.889355
35.963750
36.031228
36.093252
36.151743
36.206173
36.253270
36.294897
36.339338
36.385469
36.430036
36.474684
36.523666
36.573419
36.621488
36.668163
36.709781
36.749805
36.787986
36.825958
36.865244
36.907176
36.952983
36.997928
37.042020
37.086331
37.128939
37.170915
37.212864
37.259660
37.311626
37.366297
37.420967
37.478892
37.533066
37.589783
37.648331
37.709281
37.773911
37.841431
37.911919
37.985508
38.059806
38.138905
38.222756
38.306505
38.391688
38.471689
38.550580
38.631167
38.712132
38.793970
38.877495
38.961944
39.043432
39.127357
39.208236
39.291653
39.371537
39.453082
39.534209
39.615806
39.697431
39.779388
39.860390
39.942153
40.025349
40.110915
40.200762
40.289850
40.380269
40.467415
40.555433
40.646169
40.735417
40.822536
40.912356
41.001945
41.093027
41.181911
41.273707
41.368471
41.460646
41.551417
41.641062
41.728239
41.816011
41.906082
42.000534
42.094408
42.187266
42.280326
42.369813
42.458307
42.544464
42.634019
42.726180
42.818685
42.912663
43.008208
43.103939
43.194734
43.281998
43.360261
43.436241
43.513406
43.591015
43.665239
43.743270
43.823034
43.907631
43.993306
44.081713
44.167767
44.251400
44.333806
44.413776
44.496077
44.579762
44.666076
44.755495
44.845123
44.936721
45.032099
45.129291
45.227059
45.322185
45.411901
45.501296
45.589324
45.676205
45.764275
45.852152
45.942616
46.035891
46.131763
46.226843
46.323527
46.418886
46.514212
46.609392
46.707248
46.806334
46.903738
47.002632
47.100449
47.199178
47.297807
47.397378
47.491944
47.585278
47.679241
47.771831
47.866449
47.963673
48.063004
48.164365
48.266000
48.367013
48.466114
48.564550
48.664233
48.765465
48.866571
48.966682
49.069998
49.176884
49.286455
49.394806
49.503256
49.609913
49.714958
49.821827
49.927233
50.033543
50.140211
50.249738
50.359366
50.469926
50.579479
50.688980
50.797317
50.906740
51.016630
51.125828
51.235021
51.340224
51.444323
51.550452
51.659278
51.768243
51.875648
51.983527
52.088446
52.195056
52.300428
52.405929
52.510935
52.615945
52.720581
52.825011
52.930053
53.034399
53.137580
53.244329
53.352763
53.459778
53.566883
53.674765
53.783925
53.889492
53.994675
54.101336
54.208868
54.314007
54.420017
54.524619
54.631257
54.738361
54.845006
54.950198
55.055799
55.161020
55.266096
55.370491
55.474972
55.581882
55.690810
55.793730
55.892822
55.993263
56.097922
56.202659
56.307001
56.409814
56.510341
56.610699
56.711602
56.812602
56.914230
57.019067
57.125890
57.235195
57.343118
57.449009
57.555293
57.660788
57.765573
57.872590
57.983109
58.091776
58.200679
58.310630
58.418998
58.526477
58.633506
58.737862
58.838366
58.938279
59.040278
59.144145
59.246647
59.350074
59.455219
59.560579
59.663030
59.766375
59.867669
59.971652
60.076697
60.185523
60.294097
60.402414
60.508013
60.612265
60.720261
60.829641
60.935374
61.040075
61.142473
61.245693
61.349353
61.454414
61.560968
61.670134
61.782150
61.893780
62.000447
62.103976
62.208517
62.316340
62.427247
62.536137
62.638840
62.742548
62.842160
62.945092
63.053204
63.155504
63.255486
63.353593
63.452101
63.556379
63.666449
63.778946
63.890833
64.001839
64.117874
64.230452
64.338020
64.443256
64.547240
64.651117
64.754319
64.859052
64.962442
65.071068
65.183168
65.295402
65.405134
65.510611
65.611843
65.716552
65.820780
65.924852
66.029340
66.133791
66.236143
66.336631
66.436018
66.532748
66.629218
66.726476
66.825578
66.926747
67.027883
67.132043
67.238258
67.346255
67.454527
67.561375
67.665789
67.766008
67.866019
67.966404
68.069229
68.171912
68.275222
68.380301
68.484185
68.588030
68.694758
68.798681
68.900545
69.003570
69.106657
69.210449
69.315186
69.422230
69.531472
69.640371
69.749005
69.860057
69.971128
70.081207
70.194670
70.307701
70.418515
70.529398
70.640182
70.751580
70.860551
70.968709
71.074827
71.178893
71.286249
71.396471
71.508400
71.617604
71.725646
71.836034
71.948455
72.061918
72.173065
72.281105
72.390350
72.499482
72.614239
72.726927
72.833178
72.941735
73.048707
73.156984
73.262873
73.366445
73.466703
73.569025
73.669759
73.773269
73.876731
73.980353
74.086009
74.190749
74.295757
74.403913
74.510992
74.618790
74.728157
74.833462
74.940377
75.049475
75.155060
75.260965
75.368302
75.474700
75.581361
75.684438
75.787323
75.894864
76.003206
76.107570
76.208643
76.313357
76.419934
76.528279
76.634329
76.736445
76.840539
76.947788
77.051261
77.155129
77.262099
77.368640
77.473183
77.576052
77.678269
77.778845
77.877293
77.976507
78.079448
78.184649
78.288230
78.390435
78.490030
78.589146
78.692790
78.801118
78.911359
79.022898
79.133539
79.241599
79.348923
79.455399
79.563665
79.670678
79.773110
79.872944
79.971166
80.067770
80.163961
80.261654
80.362830
80.464848
80.566532
80.666592
80.770382
80.875938
80.983896
81.091949
81.195338
81.296853
81.400557
81.504354
81.607341
81.711238
81.817848
81.925266
82.030521
82.136815
82.241401
82.345575
82.448086
82.554557
82.662482
82.769861
82.880586
82.993496
83.104885
83.212580
83.321723
83.426900
83.527794
83.629595
83.732762
83.840747
83.947308
84.049829
84.153158
84.260398
84.367457
84.474602
84.580339
84.683384
84.786516
84.898299
85.015545
85.127308
85.232190
85.329820
85.431290
85.536024
85.634061
85.726743
85.820711
85.919152
86.023619
86.128153
86.229151
86.331197
86.438287
86.546845
86.657128
86.763473
86.868011
86.973099
87.077811
87.185636
87.293157
87.397932
87.504605
87.614039
87.724023
87.833026
87.941243
88.048677
88.158093
88.270934
88.382532
88.492040
88.601451
88.711597
88.825054
88.939790
89.047253
89.152260
89.263464
89.376498
89.494944
89.605277
89.709927
89.814535
89.919264
90.026321
90.132187
90.237486
90.343085
90.447048
90.548229
90.648287
90.750450
90.851187
90.953011
91.052376
91.150968
91.247433
91.343723
91.441152
91.542040
91.644462
91.744407
91.843675
91.941775
92.042233
92.143343
92.247317
92.351814
92.455083
92.558438
92.664992
92.772816
92.879677
92.978203
93.072203
93.169036
93.268286
93.374230
93.482695
93.588621
93.696409
93.803922
93.913314
94.024957
94.137066
94.247097
94.358452
94.472206
94.589017
94.702432
94.810239
94.913681
95.019151
95.127145
95.235696
95.346682
95.455783
95.565117
95.678427
95.794857
95.903275
96.007271
96.110692
96.217567
96.330399
96.447983
96.566711
96.683784
96.801740
96.918413
97.033323
97.145643
97.256277
97.368330
97.481667
97.595737
97.709516
97.820955
97.929091
98.033014
98.141159
98.250578
98.359245
98.467721
98.574497
98.683082
98.793754
98.903599
99.014609
99.130810
99.251544
99.372349
99.487215
99.600762
99.715737
99.831210
99.948019
100.065421
100.182827
100.296919
100.412025
100.531937
100.649988
100.760999
100.867417
100.971841
101.075986
101.180541
101.281544
101.379443
101.481281
101.588988
101.695368
101.799462
101.905693
102.019164
102.137945
102.246073
102.348585
102.454462
102.563091
102.675035
102.782511
102.889692
102.997901
103.106728
103.217935
103.332117
103.444986
103.552686
103.665813
103.781092
103.895881
104.007382
104.115235
104.222546
104.333457
104.446757
104.553125
104.656776
104.757901
104.861089
104.967082
105.070400
105.169450
105.266550
105.366962
105.472189
105.577007
105.678963
105.777810
105.881967
105.993019
106.110299
106.222631
106.332868
106.439512
106.546126
106.653337
106.756231
106.849485
106.943186
107.048173
107.154290
107.256963
107.358027
107.456414
107.555536
107.657337
107.760332
107.860955
107.961281
108.067166
108.174980
108.286316
108.394174
108.502928
108.614345
108.721492
108.830205
108.939565
109.047681
109.152082
109.253137
109.355055
109.455986
109.556461
109.657366
109.758095
109.859320
109.958496
110.054316
110.142403
110.227351
110.314281
110.401212
110.490663
110.578121
110.665405
110.750744
110.835269
110.914448
110.984754
111.049752
111.115096
111.173086
111.228556
111.284079
111.337593
111.389040
111.436790
111.480968
111.517900
111.551491
111.583483
111.612395
111.636698
111.660238
111.683123
111.704603
111.725324
111.747825
111.765749
111.778924
111.787574
111.794749
111.798165
111.797092
111.800505
111.807274
111.815370
111.826051
111.835954
111.845888
111.854800
111.861930
111.868534
111.873802
111.882354
111.893228
111.907238
111.918292
111.925752
111.934285
111.938502
111.936244
111.932944
111.931071
111.927605
111.923437
111.919543
111.915813
111.912755
111.911600
111.907869
111.899351
111.885509
111.870504
111.855571
111.841729
111.832015
111.822093
111.813561
111.805483
111.799293
111.794144
111.785105
111.773718
111.760964
111.748357
111.736567
111.726852
111.717333
111.705170
111.691193
111.677701
111.661144
111.646157
111.631417
111.616799
111.600507
111.587213
111.579552
111.576541
111.572494
111.567616
111.565434
111.563394
111.559135
111.552210
111.541834
111.532699
111.523140
111.515228
111.511020
111.506798
111.500040
111.490971
111.481322
111.471661
111.461965
111.451707
111.444049
111.438154
111.436950
111.438265
111.440642
111.444646
111.447328
111.447068
111.445266
111.442050
111.440282
111.438749
111.440278
111.444478
111.447767
111.450060
111.451422
111.450016
111.445379
111.441929
111.437845
111.434360
111.429668
111.427965
111.427396
111.425842
111.425911
111.423055
111.415954
111.408275
111.404420
111.400307
111.395841
111.391901
111.391787
111.391872
111.392737
111.393628
111.393833
111.390177
111.379996
111.368552
111.356971
111.343502
111.335016
111.334182
111.336462
111.337908
111.339008
111.340094
111.338327
111.334813
111.333709
111.331368
111.329007
111.323377
111.323302
111.325774
111.325151
111.320329
111.317387
111.316420
111.316429
111.316187
111.314550
111.316527
111.315785
111.311850
111.303711
111.297805
111.291712
111.285063
111.279616
111.274122
111.270741
111.268242
111.270622
111.277431
111.283209
111.286175
111.289726
111.294461
111.297274
111.297433
111.296635
111.295406
111.294425
111.295860
111.303059
111.312833
111.321420
111.327546
111.332261
111.331319
111.329193
111.327878
111.326486
111.324552
111.322975
111.325446
111.327354
111.329293
111.331332
111.336429
111.341472
111.346841
111.351915
111.353900
111.355180
111.357495
111.363606
111.371674
111.378347
111.385397
111.390128
111.394983
111.400746
111.405606
111.410363
111.415089
111.426946
111.443183
111.459342
111.472385
111.485806
111.497614
111.507309
111.516293
111.525621
111.530291
111.531978
111.533055
111.538680
111.547414
111.555473
111.562588
111.568238
111.573766
111.580554
111.587237
111.590402
111.591438
111.595482
111.601227
111.605365
111.606745
111.609498
111.607374
111.600620
111.597199
111.600541
111.604840
111.607631
111.609893
111.616352
111.625626
111.638110
111.650128
111.659222
111.664190
111.671512
111.684579
111.696155
111.703777
111.710424
111.720074
111.729769
111.739937
111.749775
111.758027
111.766432
111.771938
111.780502
111.785838
111.791405
111.799151
111.808959
111.821502
111.836554
111.845884
111.851719
111.856063
111.860153
111.865458
111.872942
111.883456
111.895722
111.907369
111.916857
111.925884
111.936629
111.942818
111.940638
111.934642
111.931601
111.928295
111.927748
111.931310
111.940023
111.953061
111.968639
111.983214
111.997249
112.012646
112.028284
112.043594
112.053354
112.063398
112.073363
112.084088
112.092286
112.097138
112.100536
112.098611
112.095765
112.092691
112.090617
112.090966
112.094067
112.101996
112.109921
112.115902
112.123205
112.127862
112.126239
112.123012
112.117804
112.112194
112.109024
112.105747
112.108045
112.114180
112.122197
112.129266
112.135148
112.143198
112.154027
112.166696
112.177836
112.188688
112.202618
112.223853
112.244264
112.263150
112.280972
112.297874
112.316922
112.336505
112.355198
112.374065
112.395855
112.418998
112.443266
112.467492
112.489546
112.516933
112.545325
112.565460
112.580126
112.593432
112.604631
112.615694
112.626813
112.639292
112.654395
112.670732
112.686313
112.698640
112.706943
112.712223
112.716813
112.724376
112.735734
112.750281
112.767323
112.781194
112.794520
112.809345
112.825598
112.839423
112.854840
112.869078
112.886386
112.906962
112.932517
112.959490
112.983188
113.004591
113.028181
113.051891
113.071643
113.088005
113.102756
113.117361
113.134462
113.155812
113.179594
113.204874
113.229750
113.253277
113.276587
113.297259
113.315585
113.329921
113.343377
113.357477
113.374842
113.394285
113.413992
113.432943
113.451238
113.466777
113.477397
113.489390
113.501836
113.516955
113.533447
113.555946
113.582839
113.614488
113.647238
113.673069
113.694887
113.714129
113.734476
113.756076
113.776651
113.801663
113.830656
113.862615
113.893173
113.918900
113.940564
113.956712
113.972335
113.990199
114.007355
114.022576
114.042433
114.067098
114.096880
114.128089
114.158066
114.181932
114.203556
114.226036
114.250960
114.273531
114.300135
114.334199
114.372459
114.411057
114.448006
114.481979
114.514784
114.546561
114.578389
114.608968
114.638875
114.669078
114.701877
114.734920
114.765244
114.798240
114.829907
114.856941
114.877949
114.896720
114.916799
114.938126
114.960623
114.987314
115.015991
115.044364
115.072444
115.100896
115.129658
115.157089
115.183292
115.209546
115.234585
115.261023
115.290547
115.323191
115.356422
115.387057
115.419887
115.452519
115.481503
115.512047
115.543948
115.576800
115.612262
115.648492
115.683418
115.716448
115.748410
115.775046
115.799886
115.825482
115.850774
115.877596
115.905908
115.939748
115.974701
116.011148
116.046889
116.081514
116.112225
116.139733
116.166642
116.193263
116.220796
116.249231
116.282332
116.317189
116.352040
116.389354
116.425874
116.458617
116.488661
116.519381
116.551144
116.581982
116.614191
116.648520
116.683817
116.720397
116.756519
116.790500
116.822748
116.853942
116.886029
116.915842
116.945910
116.982646
117.020886
117.060757
117.099123
117.136514
117.172334
117.204922
117.236612
117.265429
117.292739
117.318632
117.351420
117.387787
117.425120
117.462854
117.503448
117.541867
117.579661
117.617670
117.656360
117.694160
117.734123
117.775555
117.815042
117.852195
117.890107
117.927691
117.962643
117.996920
118.031286
118.065558
118.100355
118.139237
118.178174
118.219623
118.258730
118.295949
118.332039
118.363304
118.396313
118.430858
118.463295
118.494923
118.530661
118.569153
118.609066
118.649581
118.687511
118.722840
118.758450
118.796514
118.835199
118.871869
118.911863
118.957760
119.004664
119.051262
119.099118
119.145252
119.188447
119.228473
119.267053
119.305098
119.346024
119.388612
119.431897
119.472348
119.509808
119.545030
119.578582
119.611886
119.647793
119.686009
119.728086
119.773087
119.822457
119.869860
119.915053
119.961080
120.009363
120.056452
120.102604
120.148305
120.192504
120.235235
120.278532
120.322797
120.364228
120.405213
120.448323
120.486870
120.525105
120.564096
120.600049
120.633129
120.663884
120.701035
120.743138
120.787792
120.832546
120.879042
120.924404
120.964066
121.003438
121.038694
121.070420
121.099040
121.128247
121.153722
121.174345
121.189248
121.198361
121.204258
121.210397
121.215246
121.216462
121.212064
121.207957
121.205702
121.203028
121.195109
121.182645
121.169727
121.154240
121.133679
121.114158
121.095366
121.075493
121.057516
121.043369
121.028273
121.013224
121.001199
120.992744
120.979624
120.962396
120.946780
120.936767
120.930597
120.928326
120.932259
120.939176
120.950293
120.965504
120.983455
121.001720
121.018635
121.035729
121.052711
121.074860
121.100438
121.132504
121.167676
121.202524
121.237002
121.273888
121.308782
121.341030
121.373785
121.409332
121.443124
121.477655
121.517701
121.561354
121.604928
121.646639
121.688698
121.730308
121.766920
121.802456
121.839013
121.875111
121.910031
121.944548
121.982136
122.020332
122.059136
122.096845
122.133745
122.164513
122.197509
122.231594
122.265522
122.297925
122.334560
122.374660
122.416195
122.462734
122.510687
122.561870
122.606073
122.647085
122.688593
122.732394
122.776293
122.825574
122.877787
122.931354
122.987922
123.050195
123.118129
123.187015
123.253193
123.320234
123.392539
123.463323
123.534510
123.605623
123.680249
123.756534
123.835161
123.916867
124.001893
124.082627
124.162200
124.245042
124.329178
124.413385
124.496239
124.579335
124.663836
124.746283
124.828011
124.909537
124.988597
125.066686
125.145191
125.218609
125.292893
125.371137
125.449214
125.525755
125.602414
125.678530
125.749296
125.818448
125.885654
125.954627
126.021592
126.086855
126.153032
126.217592
126.279338
126.339585
126.399486
126.455409
126.510928
126.566600
126.619171
126.669894
126.723555
126.779465
126.837185
126.895803
126.952931
127.011400
127.069583
127.129022
127.191100
127.250218
127.308101
127.370308
127.433043
127.492389
127.541051
127.583278
127.620387
127.655070
127.689200
127.723983
127.752423
127.779497
127.809821
127.842894
127.879577
127.913161
127.943598
127.966566
127.984525
128.002426
128.019264
128.038538
128.063126
128.088037
128.113949
128.140286
128.170725
128.206388
128.243191
128.281923
128.324001
128.373168
128.427467
128.486085
128.546893
128.606919
128.668297
128.726062
128.783128
128.839386
128.894789
128.947541
129.001203
129.058802
129.115591
129.169147
129.220941
129.273474
129.323837
129.373774
129.425737
129.476497
129.528567
129.585914
129.646925
129.708078
129.769767
129.830910
129.889616
129.945307
129.999415
130.053126
130.105953
130.164727
130.231499
130.303286
130.377182
130.451293
130.531768
130.608101
130.683334
130.755993
130.826664
130.898122
130.968833
131.041341
131.114503
131.190275
131.263395
131.334833
131.411392
131.492466
131.574080
131.649061
131.720299
131.795513
131.876189
131.957858
132.036740
132.110832
132.182889
132.255915
132.327299
132.395535
132.462508
132.531217
132.603470
132.678329
132.756474
132.834572
132.908727
132.980472
133.048543
133.120153
133.193328
133.264001
133.335843
133.413318
133.492104
133.571759
133.649258
133.725287
133.799468
133.872643
133.944675
134.014021
134.085595
134.157912
134.230439
134.307930
134.383333
134.454440
134.518175
134.582699
134.654594
134.724860
134.790452
134.854492
134.919624
134.986389
135.053674
135.124006
135.193498
135.266609
135.338248
135.404899
135.469689
135.536328
135.606565
135.681296
135.757241
135.829876
135.902809
135.972099
136.040652
136.110453
136.179004
136.246504
136.313395
136.382181
136.450627
136.518681
136.586942
136.655782
136.721235
136.782582
136.843984
136.903123
136.968881
137.036736
137.106703
137.173493
137.237330
137.305197
137.377132
137.448086
137.519700
137.590389
137.657576
137.725474
137.791892
137.862774
137.934111
138.004273
138.074284
138.142045
138.208991
138.278796
138.352581
138.425249
138.494954
138.565859
138.635614
138.701311
138.768472
138.839471
138.910598
138.983566
139.054919
139.127530
139.203684
139.282511
139.360298
139.436178
139.511499
139.587727
139.663932
139.739509
139.814849
139.887445
139.956731
140.028426
140.102341
140.178610
140.253396
140.327689
140.400087
140.471642
140.545068
140.618968
140.690248
140.762060
140.833629
140.903177
140.971776
141.037287
141.103381
141.170655
141.239378
141.304565
141.366928
141.426556
141.486094
141.551678
141.623719
141.696857
141.770378
141.840386
141.909968
141.981442
142.053777
142.124765
142.193637
142.265439
142.337875
142.410221
142.483332
142.558324
142.632794
142.706499
142.778983
142.845668
142.907310
142.970319
143.037305
143.105508
143.169185
143.237752
143.309317
143.377109
143.443160
143.510228
143.578262
143.649794
143.725495
143.803657
143.883972
143.966024
144.047330
144.124841
144.202321
144.281663
144.360972
144.440515
144.518386
144.601774
144.683326
144.763243
144.844159
144.921851
144.996277
145.070129
145.146087
145.221545
145.295246
145.368937
145.442547
145.516661
145.590464
145.664604
145.741444
145.817269
145.892312
145.966065
146.042975
146.122521
146.205382
146.290586
146.373507
146.457091
146.540609
146.620098
146.697767
146.777780
146.860608
146.938821
147.015798
147.094766
147.174072
147.252648
147.327737
147.400241
147.472562
147.546240
147.616213
147.682408
147.751492
147.825533
147.901506
147.976235
148.052123
148.125354
148.199270
148.275218
148.351944
148.426824
148.499338
148.574314
148.647401
148.717956
148.786967
148.852379
148.912808
148.970831
149.028127
149.084041
149.142472
149.205392
149.272094
149.341752
149.410113
149.480445
149.548033
149.613083
149.676766
149.738156
149.799133
149.861258
149.925807
149.991038
150.059941
150.131821
150.203005
150.272613
150.342605
150.417814
150.495682
150.572815
150.651074
150.732001
150.813109
150.893392
150.973505
151.053663
151.130860
151.207345
151.284311
151.362884
151.442087
151.521163
151.597113
151.672347
151.747077
151.825080
151.899720
151.972230
152.042843
152.111453
152.180238
152.252372
152.325933
152.403265
152.487212
152.574007
152.653685
152.726490
152.793387
152.861526
152.933655
153.004729
153.076598
153.151196
153.229455
153.310000
153.389490
153.469751
153.547746
153.629761
153.714102
153.798957
153.882101
153.965497
154.047726
154.131154
154.214716
154.298828
154.378519
154.457612
154.538537
154.621889
154.707178
154.789212
154.868880
154.949345
155.035655
155.123080
155.203854
155.276238
155.348267
155.424904
155.501014
155.576269
155.656393
155.736933
155.817253
155.896316
155.972193
156.047025
156.121457
156.197726
156.275601
156.350684
156.427623
156.503934
156.580837
156.658547
156.738119
156.815189
156.889249
156.960043
157.038107
157.117448
157.197468
157.279360
157.361285
157.444325
157.529189
157.615203
157.696961
157.774774
157.853903
157.933920
158.012117
158.089765
158.169893
158.249908
158.331990
158.413501
158.492142
158.567311
158.643333
158.720876
158.795335
158.869803
158.943877
159.019076
159.093489
159.169862
159.246526
159.321819
159.397103
159.474606
159.554194
159.631012
159.706565
159.786817
159.868080
159.952744
160.036593
160.120880
160.206749
160.294944
160.382722
160.468633
160.550727
160.631313
160.710546
160.788650
160.868243
160.947341
161.025116
161.103996
161.182975
161.258438
161.330905
161.402359
161.477625
161.553658
161.633233
161.711339
161.791752
161.874012
161.959288
162.044097
162.123929
162.199746
162.276130
162.356490
162.438544
162.521338
162.604840
162.688938
162.772894
162.855780
162.936810
163.014712
163.092032
163.167935
163.247411
163.328212
163.411503
163.491816
163.571607
163.652999
163.733395
163.815915
163.898394
163.979641
164.060921
164.143779
164.225356
164.307777
164.395516
164.478111
164.558655
164.638106
164.717992
164.797996
164.876316
164.954302
165.032799
165.115506
165.202242
165.292501
165.382319
165.467421
165.552805
165.641242
165.729764
165.818479
165.905895
165.990633
166.074434
166.160185
166.244751
166.323069
166.397773
166.471676
166.546934
166.624075
166.697581
166.770132
166.847954
166.935604
167.027911
167.110422
167.184148
167.259312
167.344467
167.425401
167.496225
167.565262
167.638487
167.710527
167.789812
167.884614
167.987865
168.084197
168.175145
168.259227
168.341003
168.419741
168.495995
168.579288
168.663704
168.747985
168.826466
168.906490
168.988868
169.076733
169.158009
169.234661
169.310021
169.388554
169.471186
169.559613
169.647507
169.727344
169.804236
169.876406
169.950495
170.030921
170.116102
170.207236
170.303796
170.403617
170.501981
170.597347
170.687192
170.774894
170.864016
170.956506
171.044340
171.126184
171.205228
171.284269
171.362261
171.443347
171.526043
171.604347
171.680234
171.755550
171.832061
171.908368
171.986496
172.065654
172.146851
172.231012
172.318583
172.409661
172.501480
172.589436
172.674363
172.757121
172.839473
172.926281
173.012135
173.093556
173.173477
173.253311
173.334152
173.412290
173.488251
173.563005
173.637254
173.710088
173.784095
173.859486
173.933011
174.006410
174.082101
174.160696
174.243645
174.325580
174.405234
174.481898
174.556740
174.632514
174.710165
174.786440
174.861891
174.939579
175.023397
175.111851
175.201449
175.288138
175.372662
175.459391
175.546281
175.635801
175.723925
175.807349
175.888771
175.974849
176.066213
176.157351
176.247637
176.334700
176.416488
176.496900
176.578652
176.658957
176.740005
176.818766
176.900313
176.980466
177.060506
177.139289
177.222566
177.309133
177.397828
177.484155
177.569739
177.652871
177.735895
177.822147
177.909885
177.999106
178.089316
178.182191
178.275736
178.370199
178.465784
178.561073
178.657767
178.759943
178.863005
178.963928
179.061882
179.153863
179.242908
179.334593
179.426871
179.519651
179.612595
179.707622
179.807769
179.907558
180.005936
180.099190
180.192003
180.290237
180.389563
180.486709
180.578619
180.670602
180.766584
180.859321
180.952073
181.043930
181.135479
181.228769
181.320839
181.415740
181.513116
181.610301
181.705157
181.795268
181.885944
181.978964
182.074013
182.172331
182.271690
182.371208
182.471193
182.569801
182.666883
182.763926
182.861270
182.960510
183.060287
183.160239
183.261730
183.361710
183.460087
183.556023
183.648797
183.742261
183.838916
183.934294
184.031192
184.128908
184.229193
184.330002
184.431949
184.532388
184.633816
184.733929
184.831506
184.928237
185.023534
185.118597
185.216591
185.315093
185.411992
185.509214
185.608334
185.708747
185.807411
185.904042
186.002100
186.101168
186.201420
186.301816
186.397912
186.490902
186.581527
186.671878
186.765479
186.858533
186.949368
187.040985
187.132646
187.221238
187.309211
187.398927
187.490595
187.581849
187.673713
187.765413
187.854087
187.939456
188.020863
188.098428
188.174746
188.245190
188.308740
188.362573
188.408233
188.453960
188.501317
188.549303
188.593808
188.632472
188.669556
188.700552
188.725259
188.746162
188.761819
188.772312
188.781412
188.788191
188.792490
188.792819
188.790100
188.785850
188.781022
188.779595
188.783931
188.796361
188.818312
188.845570
188.872748
188.897321
188.920128
188.943570
188.968284
188.991924
189.011076
189.029610
189.045006
189.058022
189.074813
189.092347
189.114969
189.147825
189.188690
189.236445
189.290748
189.348552
189.408673
189.472313
189.537794
189.604338
189.670581
189.737069
189.806917
189.881096
189.955599
190.034635
190.111921
190.187058
190.263256
190.342666
190.423152
190.502318
190.577446
190.652695
190.726876
190.802787
190.880326
190.957423
191.031861
191.103299
191.175017
191.246068
191.314230
191.380414
191.445796
191.511622
191.574639
191.636325
191.700821
191.766703
191.836220
191.905725
191.972504
192.041097
192.111030
192.180261
192.249629
192.318285
192.386021
192.454459
192.525737
192.599435
192.675161
192.750562
192.826646
192.902186
192.977506
193.046655
193.113306
193.181953
193.249283
193.318267
193.388036
193.459016
193.532782
193.609460
193.684208
193.758606
193.833139
193.906132
193.982611
194.060809
194.141785
194.221530
194.299564
194.378897
194.459907
194.539593
194.618269
194.695511
194.775143
194.855403
194.936275
195.016551
195.098129
195.181333
195.262222
195.344956
195.426821
195.510207
195.596396
195.685330
195.777088
195.869115
195.961704
196.055638
196.149934
196.241209
196.332534
196.424013
196.516384
196.611864
196.706743
196.800890
196.895904
196.993908
197.093787
197.192979
197.291717
197.387868
197.483554
197.580473
197.677580
197.775618
197.872580
197.968657
198.064696
198.159904
198.253085
198.344973
198.439240
198.533446
198.628221
198.724461
198.822229
198.920760
199.020800
199.121220
199.220549
199.321233
199.420657
199.517960
199.616478
199.718281
199.820166
199.924020
200.028056
200.131723
200.236209
200.340429
200.442571
200.545976
200.646504
200.749068
200.854749
200.960718
201.064788
201.167666
201.271839
201.374321
201.473503
201.574685
201.678574
201.784871
201.889122
201.990643
202.091344
202.194620
202.297613
202.401604
202.505404
202.610535
202.716703
202.823537
202.930816
203.035690
203.140990
203.250229
203.361635
203.470622
203.577838
203.683369
203.789391
203.899315
204.010027
204.119467
204.224335
204.325174
204.426693
204.529413
204.635184
204.742911
204.850219
204.957081
205.065861
205.177431
205.287358
205.393220
205.496294
205.600148
205.707327
205.815478
205.919688
206.022550
206.126413
206.233718
206.341762
206.448178
206.555235
206.662405
206.771252
206.878381
206.986700
207.093581
207.203486
207.312212
207.422747
207.531396
207.638739
207.748197
207.858569
207.968291
208.078824
208.187126
208.294827
208.400899
208.509170
208.622271
208.734006
208.843697
208.950128
209.056024
209.159349
209.265197
209.367403
209.468047
209.570990
209.673514
209.774567
209.876114
209.976793
210.079268
210.186723
210.293583
210.397751
210.503656
210.608709
210.713664
210.819550
210.921336
211.021894
211.123025
211.228406
211.332868
211.434073
211.533408
211.632651
211.731685
211.830659
211.930094
212.028350
212.127533
212.227468
212.326561
212.429047
212.529041
212.627955
212.728947
212.825471
212.924110
213.022947
213.125168
213.230140
213.334937
213.437397
213.538003
213.638079
213.739001
213.839439
213.942162
214.044996
214.145914
214.247667
214.354721
214.460664
214.563893
214.664595
214.765780
214.867409
214.969059
215.069520
215.170971
215.270774
215.371458
215.473407
215.574369
215.671094
215.768888
215.867586
215.968864
216.069770
216.166652
216.259874
216.358182
216.462595
216.567179
216.667430
216.763118
216.861015
216.959897
217.055473
217.148976
217.241961
217.338685
217.439764
217.540739
217.639018
217.733004
217.824134
217.914872
218.010634
218.105799
218.199983
218.292844
218.386019
218.481181
218.577761
218.671209
218.760278
218.848497
218.941125
219.037940
219.133391
219.229348
219.326552
219.425105
219.526280
219.622734
219.714466
219.803291
219.893213
219.986042
220.080396
220.174577
220.268864
220.364980
220.465510
220.566037
220.664323
220.758774
220.858996
220.961766
221.065771
221.168953
221.270319
221.369603
221.471128
221.576167
221.687724
221.795723
221.900377
222.004569
222.113130
222.224139
222.330334
222.433153
222.537373
222.642045
222.743565
222.841964
222.937894
223.036659
223.142953
223.247523
223.347202
223.443849
223.542971
223.648349
223.752789
223.854991
223.956062
224.056898
224.159445
224.263263
224.361677
224.454697
224.550859
224.653860
224.760968
224.869230
224.975541
225.074908
225.177922
225.283516
225.394695
225.507647
225.617415
225.727440
225.843650
225.958625
226.067270
226.174383
226.280025
226.387835
226.496707
226.600322
226.701245
226.804225
226.913610
227.027663
227.138768
227.248747
227.356161
227.464541
227.577637
227.688188
227.796218
227.906414
228.022874
228.140780
228.254859
228.362377
228.464920
228.570724
228.679723
228.787926
228.894253
228.997599
229.102436
229.211166
229.317298
229.421534
229.524699
229.627239
229.732623
229.833790
229.934789
230.036939
230.141151
230.248595
230.362390
230.476937
230.588664
230.695646
230.802525
230.912659
231.024604
231.132564
231.239302
231.347206
231.457852
231.567786
231.674142
231.775150
231.875010
231.976755
232.079350
232.181211
232.283379
232.386161
232.490769
232.596450
232.701847
232.805918
232.908372
233.011654
233.116191
233.220698
233.326214
233.430697
233.533600
233.639791
233.746428
233.853586
233.959012
234.064683
234.167160
234.266090
234.367617
234.468624
234.573847
234.687361
234.802872
234.912319
235.016650
235.116721
235.215399
235.316201
235.414587
235.510226
235.606903
235.707326
235.808919
235.909510
236.013398
236.112025
236.208865
236.303320
236.398210
236.493966
236.587042
236.683730
236.783985
236.887321
236.991298
237.091385
237.185983
237.280513
237.377375
237.477358
237.576703
237.678501
237.779736
237.880487
237.982937
238.087980
238.192745
238.299903
238.406616
238.508845
238.605813
238.702236
238.800297
238.901014
239.004309
239.110558
239.217518
239.323688
239.427805
239.532327
239.635340
239.736937
239.840450
239.947611
240.057819
240.159558
240.254974
240.346276
240.439179
240.532391
240.627537
240.726938
240.823688
240.920575
241.016155
241.112426
241.209351
241.301016
241.387625
241.474459
241.563098
241.650745
241.737492
241.822808
241.907075
241.997149
242.085935
242.169939
242.247581
242.320687
242.394534
242.468922
242.545959
242.622283
242.696027
242.767870
242.838955
242.904502
242.965838
243.023659
243.079247
243.129745
243.176177
243.219151
243.259520
243.298759
243.335998
243.368176
243.395370
243.417849
243.436604
243.451309
243.460992
243.468219
243.475882
243.481633
243.483061
243.481459
243.476149
243.467679
243.453653
243.437434
243.421228
243.401076
243.383230
243.368015
243.354484
243.340442
243.319703
243.296949
243.271120
243.243001
243.212607
243.179565
243.150743
243.126798
243.104177
243.080691
243.056247
243.030242
242.999742
242.966763
242.934450
242.901820
242.864443
242.827766
242.794545
242.762182
242.728609
242.690310
242.648423
242.600054
242.550781
242.499991
242.445303
242.393671
242.350286
242.312523
242.275037
242.234424
242.190746
242.145082
242.098617
242.051780
242.005535
241.957491
241.909895
241.864846
241.823994
241.782500
241.738337
241.691662
241.644179
241.596022
241.545133
241.495110
241.447612
241.406412
241.369672
241.331876
241.290212
241.245392
241.200165
241.153271
241.105076
241.058354
241.010668
240.963689
240.920604
240.883473
240.844798
240.803882
240.757880
240.708920
240.660022
240.610433
240.558349
240.508521
240.460271
240.416972
240.375868
240.332236
240.285221
240.234741
240.184362
240.133495
240.081285
240.029821
239.977866
239.925046
239.873832
239.825597
239.777023
239.725645
239.672712
239.616981
239.557609
239.499312
239.447108
239.397146
239.351768
239.307186
239.265594
239.220100
239.176090
239.133373
239.089489
239.044070
238.997369
238.949832
238.905205
238.863142
238.822753
238.787347
238.751980
238.714072
238.673434
238.633956
238.591815
238.551152
238.507890
238.467679
238.428094
238.390409
238.354810
238.317383
238.275035
238.231627
238.188591
238.144754
238.098652
238.055519
238.022081
237.992282
237.957231
237.919911
237.880479
237.836281
237.791646
237.750337
237.709988
237.669389
237.632688
237.598158
237.564296
237.532147
237.495638
237.451386
237.400624
237.349368
237.299826
237.251179
237.200883
237.153692
237.110311
237.066030
237.020172
236.973216
236.923233
236.871153
236.820798
236.773700
236.727859
236.684032
236.648505
236.613053
236.573967
236.534437
236.491926
236.444399
236.394694
236.343046
236.293122
236.244607
236.201650
236.161818
236.121821
236.078032
236.036233
235.994061
235.953236
235.914243
235.880336
235.845938
235.817263
235.793003
235.769624
235.746095
235.720036
235.693981
235.664870
235.630083
235.589558
235.544168
235.496751
235.456492
235.425159
235.397097
235.367659
235.335448
235.303021
235.268362
235.232778
235.196550
235.157113
235.114905
235.077916
235.044486
235.011489
234.977142
234.940448
234.902505
234.865287
234.829081
234.793190
234.757670
234.723718
234.693753
234.666998
234.639051
234.607628
234.572510
234.536935
234.504670
234.471698
234.444078
234.418985
234.390618
234.362031
234.331064
234.296709
234.256256
234.212113
234.166108
234.117538
234.067163
234.017273
233.973161
233.936721
233.905995
233.871458
233.830655
233.789547
233.750923
233.714570
233.675348
233.636897
233.601502
233.565938
233.532406
233.502359
233.466940
233.424352
233.382887
233.342660
233.303631
233.268194
233.235259
233.201690
233.179239
233.158747
233.134608
233.109807
233.079407
233.047214
233.012008
232.974819
232.937475
232.900454
232.869868
232.842962
232.814308
232.786634
232.758934
232.729695
232.696021
232.660199
232.624552
232.587576
232.555100
232.526718
232.502070
232.477109
232.451709
232.422882
232.394443
232.366582
232.336070
232.303174
232.271625
232.243025
232.219183
232.195854
232.170848
232.142970
232.114182
232.084217
232.053076
232.019319
231.984317
231.950654
231.922959
231.899844
231.875421
231.849493
231.820964
231.787545
231.748369
231.710534
231.673289
231.635789
231.600208
231.568746
231.539071
231.507634
231.476390
231.441504
231.405686
231.371866
231.336515
231.299634
231.257403
231.223233
231.190321
231.160310
231.131185
231.101148
231.070948
231.034374
230.997616
230.961115
230.926460
230.892711
230.863253
230.840235
230.818117
230.792252
230.760792
230.730333
230.700899
230.670711
230.641609
230.613404
230.587423
230.561225
230.532711
230.503134
230.472421
230.438920
230.401202
230.354811
230.306207
230.263420
230.221761
230.184040
230.150827
230.120627
230.090500
230.059420
230.025083
229.986689
229.946078
229.905161
229.866315
229.829397
229.795751
229.762572
229.726176
229.687757
229.649792
229.611359
229.567481
229.521115
229.475237
229.425356
229.379679
229.339975
229.300552
229.260243
229.223428
229.188333
229.153719
229.119037
229.085077
229.050700
229.014387
228.983972
228.962262
228.941384
228.917930
228.890674
228.861452
228.829474
228.795517
228.763339
228.728373
228.692577
228.661685
228.632773
228.602649
228.572026
228.538187
228.501176
228.460579
228.421012
228.384109
228.344702
228.307798
228.270821
228.236043
228.200727
228.166359
228.130208
228.089939
228.047905
228.008607
227.973694
227.935391
227.897661
227.864729
227.832492
227.799756
227.769157
227.738120
227.706885
227.677451
227.648678
227.620187
227.590790
227.564028
227.541553
227.518392
227.495732
227.469624
227.443263
227.418473
227.396132
227.374643
227.352769
227.330139
227.311855
227.295798
227.277562
227.256916
227.232187
227.203489
227.174961
227.149215
227.124950
227.099808
227.075744
227.050700
227.025145
226.998647
226.973412
226.945610
226.914331
226.879600
226.848669
226.818566
226.793255
226.768336
226.742909
226.721900
226.700259
226.675855
226.647958
226.617327
226.586602
226.557913
226.528870
226.501156
226.477267
226.456909
226.437794
226.420304
226.398313
226.376639
226.353983
226.331896
226.308758
226.283508
226.259797
226.240377
226.221565
226.200481
226.181426
226.157843
226.132614
226.106102
226.079347
226.055081
226.032031
226.010617
225.991137
225.971624
225.953085
225.932534
225.907489
225.879577
225.852042
225.828072
225.805492
225.782549
225.760143
225.740768
225.720940
225.702699
225.679859
225.655542
225.632102
225.611093
225.592266
225.571788
225.551931
225.535280
225.520802
225.504452
225.480178
225.453203
225.424739
225.396040
225.368227
225.340687
225.312613
225.284976
225.258826
225.235274
225.213649
225.190067
225.168157
225.143003
225.117866
225.095355
225.074413
225.054251
225.037176
225.024990
225.012964
224.999688
224.981597
224.960992
224.937718
224.915240
224.894287
224.872911
224.855065
224.840937
224.827555
224.810914
224.790338
224.765289
224.740121
224.715168
224.692910
224.675024
224.658967
224.641659
224.621529
224.605060
224.589356
224.571530
224.552978
224.528444
224.501537
224.476964
224.454885
224.438526
224.424114
224.410014
224.395721
224.381156
224.363994
224.338862
224.311620
224.287524
224.267197
224.246624
224.227853
224.212961
224.198834
224.186382
224.169870
224.151567
224.130717
224.111728
224.097853
224.083205
224.071185
224.058660
224.047270
224.035797
224.027299
224.013636
223.994758
223.975514
223.957286
223.937115
223.915130
223.895354
223.877251
223.860827
223.842498
223.821968
223.798785
223.777158
223.757212
223.738017
223.721833
223.707691
223.697922
223.688395
223.676867
223.664271
223.650787
223.635290
223.615560
223.594375
223.575647
223.554383
223.536771
223.523458
223.514843
223.509020
223.499687
223.487027
223.470799
223.450486
223.427742
223.405511
223.384996
223.365774
223.346900
223.326206
223.304551
223.280128
223.252908
223.220165
223.184267
223.150139
223.115328
223.079258
223.040826
222.998940
222.953329
222.903565
222.853419
222.804750
222.754342
222.705677
222.652699
222.595585
222.547210
222.501132
222.451040
222.394376
222.329693
222.257692
222.186189
222.114737
222.039495
221.960533
221.881339
221.810879
221.745430
221.678543
221.597886
221.510312
221.428191
221.347219
221.261084
221.168563
221.073514
220.984309
220.902506
220.824534
220.744295
220.667311
220.591028
220.515608
220.434982
220.346339
220.253394
220.159195
220.066321
219.974692
219.880747
219.785798
219.692441
219.607308
219.522253
219.436839
219.351093
219.264792
219.181117
219.100353
219.020505
218.937948
218.854442
218.767301
218.675697
218.580663
218.484873
218.386358
218.289314
218.194685
218.101460
218.010396
217.916625
217.824311
217.729182
217.628890
217.530640
217.429020
217.328473
217.223578
217.125730
217.031299
216.934170
216.833535
216.734807
216.632892
216.529437
216.426134
216.318195
216.209746
216.099340
215.992951
215.894003
215.796243
215.695996
215.590330
215.484480
215.377869
215.271708
215.164463
215.058077
214.953316
214.857298
214.763483
214.669028
214.573909
214.479675
214.380015
214.279611
214.177743
214.075192
213.971720
213.872340
213.773978
213.672102
213.569213
213.463985
213.358599
213.252022
213.144793
213.035622
212.927010
212.824274
212.725948
212.632458
212.536579
212.439512
212.340352
212.239138
212.139761
212.037559
211.932288
211.826587
211.723247
211.624025
211.530472
211.436480
211.336149
211.231223
211.128606
211.025546
210.922245
210.816410
210.715086
210.615408
210.516716
210.415144
210.309877
210.203759
210.095829
209.988470
209.880898
209.772132
209.669655
209.573539
209.477219
209.377652
209.276160
209.170074
209.065016
208.963389
208.863826
208.761237
208.659488
208.563400
208.467990
208.369330
208.267230
208.162421
208.058597
207.952261
207.846155
207.740475
207.635532
207.533809
207.439538
207.348925
207.258468
207.167559
207.071640
206.971083
206.873865
206.774258
206.670238
206.569242
206.468080
206.369698
206.270664
206.169477
206.061372
205.956012
205.855529
205.757260
205.655962
205.550355
205.446887
205.346075
205.245027
205.141079
205.038969
204.938194
204.834219
204.727771
204.619338
204.510529
204.408957
204.313646
204.216602
204.114250
204.010796
203.905713
203.800983
203.695647
203.588826
203.479803
203.369662
203.264095
203.158334
203.053113
202.947556
202.839509
202.726729
202.610162
202.495605
202.383234
202.265610
202.151272
202.035773
201.920463
201.802862
201.684554
201.563604
201.443097
201.325299
201.210287
201.092519
200.976236
200.864894
200.757550
200.648495
200.536733
200.421770
200.305423
200.192522
200.083339
199.974114
199.868270
199.762257
199.656753
199.547151
199.437886
199.329916
199.223974
199.120359
199.020061
198.924879
198.830968
198.737311
198.644945
198.551674
198.459165
198.365956
198.274786
198.190304
198.107320
198.025045
197.939983
197.854450
197.769269
197.685990
197.602638
197.521127
197.438904
197.356992
197.278125
197.199265
197.119702
197.041550
196.962418
196.879858
196.796490
196.714238
196.635348
196.558261
196.481510
196.402012
196.323860
196.245694
196.163671
196.079987
195.994330
195.907226
195.820328
195.734618
195.650032
195.564560
195.482374
195.402015
195.319267
195.230445
195.138807
195.047945
194.961153
194.874245
194.789036
194.705027
194.622062
194.540462
194.454622
194.363320
194.269441
194.174332
194.077374
193.983246
193.887064
193.789485
193.692124
193.594880
193.499202
193.400010
193.297994
193.194716
193.092766
192.994974
192.896670
192.796862
192.695333
192.592910
192.494563
192.407120
192.328767
192.252045
192.177365
192.103107
192.031884
191.966486
191.907786
191.850740
191.796006
191.747964
191.699759
191.652681
191.603948
191.554706
191.505439
191.458537
191.416370
191.378260
191.344140
191.311368
191.277074
191.242158
191.206404
191.170677
191.134455
191.100826
191.066497
191.033333
191.000248
190.967920
190.935976
190.900510
190.861271
190.817958
190.772890
190.727132
190.680203
190.628079
190.573018
190.517850
190.460523
190.399578
190.335879
190.269985
190.197281
190.121055
190.037445
189.951898
189.865454
189.777932
189.686040
189.588258
189.487086
189.383801
189.280743
189.180423
189.080723
188.979347
188.877952
188.777868
188.675872
188.567606
188.456931
188.345095
188.233234
188.124890
188.016816
187.906112
187.795618
187.687235
187.580602
187.475585
187.368163
187.262233
187.153936
187.042675
186.929811
186.819106
186.709711
186.599651
186.489449
186.378479
186.268794
186.160392
186.051657
185.943438
185.835230
185.727661
185.616578
185.512281
185.413991
185.314457
185.217749
185.118571
185.017407
184.912372
184.806051
184.699083
184.599381
184.500860
184.400894
184.295707
184.187490
184.078476
183.966519
183.857365
183.745301
183.629782
183.520259
183.415124
183.309455
183.202357
183.095262
182.986243
182.873990
182.764975
182.657150
182.547010
182.435451
182.327494
182.221547
182.114247
182.007106
181.897742
181.784801
181.672357
181.563522
181.452727
181.336664
181.224119
181.118960
181.015458
180.906683
180.796601
180.685584
180.573381
180.459748
180.344747
180.226991
180.109986
179.997878
179.890073
179.780727
179.668887
179.557601
179.446723
179.334498
179.223296
179.111247
178.998808
178.887337
178.776898
178.666014
178.551957
178.433833
178.313051
178.191736
178.075290
177.959611
177.842700
177.727623
177.615170
177.501939
177.385622
177.270220
177.153995
177.037337
176.923146
176.808267
176.692055
176.571476
176.451380
176.331206
176.210513
176.088305
175.964869
175.837882
175.714748
175.592963
175.471161
175.349466
175.230134
175.109793
174.990022
174.870256
174.749619
174.626653
174.509189
174.391058
174.272432
174.149288
174.027350
173.908106
173.789676
173.668267
173.545186
173.418137
173.287326
173.156038
173.029646
172.906916
172.783965
172.662690
172.541337
172.419970
172.302127
172.183163
172.068645
171.956360
171.843369
171.729929
171.614831
171.501107
171.388248
171.275165
171.168995
171.060137
170.953226
170.849318
170.744458
170.643663
170.542163
170.441630
170.342586
170.245206
170.149854
170.056805
169.965928
169.879012
169.793057
169.709088
169.624311
169.541855
169.458586
169.377131
169.297631
169.221424
169.152862
169.091117
169.032330
168.977869
168.921960
168.866675
168.812954
168.760016
168.706893
168.656455
168.611757
168.575679
168.539314
168.507827
168.476257
168.445247
168.413965
168.380889
168.351451
168.323244
168.301591
168.286832
168.274384
168.264687
168.254880
168.246044
168.239340
168.231132
168.221603
168.210012
168.200555
168.195264
168.187376
168.180945
168.175334
168.165722
168.150157
168.130149
168.109227
168.091007
168.076051
168.063262
168.052530
168.044519
168.033417
168.015683
167.998140
167.981626
167.965512
167.949354
167.938863
167.935379
167.937479
167.936837
167.935884
167.936599
167.938776
167.940518
167.941393
167.942605
167.944679
167.952183
167.963307
167.974751
167.987313
167.998590
168.012321
168.021093
168.025601
168.030330
168.040284
168.052135
168.063542
168.074243
168.085973
168.097943
168.110263
168.117315
168.120834
168.124873
168.130413
168.138565
168.148531
168.156323
168.164441
168.173377
168.182626
168.189631
168.196717
168.202526
168.209105
168.219177
168.232758
168.249785
168.268689
168.289505
168.311380
168.332119
168.350767
168.366180
168.381020
168.395630
168.410650
168.431075
168.455171
168.482180
168.508534
168.529807
168.548856
168.567230
168.586589
168.607021
168.630520
168.656678
168.683990
168.711328
168.737394
168.761010
168.778281
168.794452
168.812980
168.833246
168.855319
168.880206
168.904687
168.931263
168.958059
168.981567
169.001619
169.014257
169.028436
169.042645
169.063351
169.084539
169.104072
169.121963
169.140889
169.163218
169.186537
169.207055
169.226361
169.248369
169.274463
169.307460
169.344670
169.383706
169.420774
169.455204
169.483573
169.510516
169.536314
169.558030
169.576638
169.598119
169.619782
169.639656
169.658424
169.671722
169.681663
169.692649
169.700510
169.704754
169.711830
169.726444
169.743694
169.761998
169.782406
169.802687
169.816264
169.824001
169.830790
169.838410
169.844773
169.855164
169.867736
169.881484
169.895620
169.907380
169.917855
169.926884
169.933631
169.942008
169.950660
169.958187
169.966041
169.975256
169.985418
169.993216
169.997188
169.997211
169.994789
169.989582
169.985161
169.983924
169.983925
169.983489
169.980529
169.973613
169.963719
169.951567
169.934476
169.914579
169.893221
169.873180
169.855570
169.834433
169.810808
169.783222
169.750304
169.711388
169.670876
169.627089
169.580966
169.530976
169.479150
169.424853
169.366977
169.305415
169.241261
169.173985
169.101584
169.023686
168.944633
168.864164
168.782143
168.697689
168.611863
168.523723
168.435344
168.348986
168.259184
168.169705
168.075802
167.976967
167.874344
167.773362
167.672490
167.576461
167.480761
167.388598
167.299423
167.207947
167.113493
167.014507
166.915643
166.813106
166.708087
166.605810
166.501480
166.397950
166.292611
166.187029
166.081256
165.976237
165.872404
165.766240
165.658813
165.550859
165.443770
165.335232
165.226866
165.117011
165.001203
164.885250
164.767444
164.646467
164.528320
164.406515
164.281124
164.158698
164.037377
163.918749
163.804109
163.692466
163.577769
163.460205
163.341007
163.226517
163.114693
163.006012
162.898382
162.789901
162.679015
162.562621
162.444123
162.325996
162.210470
162.093817
161.976015
161.862552
161.748345
161.636408
161.523907
161.409889
161.295002
161.184310
161.077581
160.968199
160.853225
160.739014
160.627108
160.520055
160.417213
160.306469
160.192263
160.078077
159.963591
159.848091
159.730268
159.612738
159.498034
159.388694
159.279990
159.168262
159.050691
158.936009
158.823137
158.705496
158.589622
158.473706
158.361923
158.254694
158.145552
158.033209
157.921720
157.809592
157.698593
157.586030
157.469442
157.353247
157.238830
157.127633
157.017201
156.909434
156.800676
156.693221
156.583081
156.470502
156.361715
156.251477
156.138738
156.027826
155.916966
155.804680
155.691511
155.578337
155.467216
155.355615
155.242426
155.128715
155.014201
154.902126
154.790144
154.678129
154.564582
154.452134
154.339369
154.228098
154.116027
154.003450
153.889252
153.774411
153.663727
153.551012
153.437407
153.325222
153.215517
153.105733
152.992374
152.881015
152.771377
152.659132
152.548797
152.434905
152.318508
152.197841
152.078363
151.960680
151.845316
151.725908
151.606839
151.493285
151.379661
151.264561
151.143710
151.021650
150.902732
150.785685
150.670264
150.551439
150.429111
150.306527
150.183179
150.063582
149.948985
149.833237
149.715740
149.594085
149.469912
149.345625
149.227461
149.115285
149.001270
148.886703
148.769111
148.653233
148.539899
148.424215
148.306646
148.184634
148.062731
147.946788
147.831606
147.715095
147.600625
147.487038
147.378292
147.271132
147.159002
147.045671
146.930394
146.810445
146.695061
146.580994
146.470517
146.361105
146.252791
146.146993
146.041490
145.935010
145.826398
145.714874
145.604608
145.492397
145.381481
145.269581
145.157473
145.044958
144.934261
144.823405
144.711667
144.596836
144.479120
144.364885
144.253955
144.141461
144.028797
143.917197
143.805211
143.695105
143.582978
143.471312
143.357889
143.246729
143.133581
143.021899
142.909816
142.800567
142.692133
142.581713
142.471417
142.364060
142.255207
142.146711
142.036460
141.925422
141.815493
141.703363
141.591510
141.482544
141.374756
141.266599
141.159419
141.052457
140.943155
140.832481
140.722068
140.612078
140.503363
140.394302
140.283906
140.175426
140.067520
139.955486
139.841825
139.730071
139.622363
139.517549
139.415566
139.310289
139.205932
139.102006
138.994608
138.882554
138.767318
138.652303
138.539775
138.433162
138.325203
138.216507
138.107552
137.998214
137.887885
137.776066
137.662753
137.554283
137.447186
137.338471
137.230945
137.125334
137.018889
136.912907
136.805141
136.694809
136.583828
136.475483
136.366907
136.258141
136.151460
136.043560
135.937797
135.831730
135.726356
135.620817
135.517900
135.413639
135.307703
135.197816
135.088785
134.978337
134.866144
134.755750
134.651085
134.544480
134.436079
134.329596
134.223316
134.116189
134.006339
133.899100
133.793706
133.690374
133.585826
133.480416
133.373669
133.264528
133.156995
133.054739
132.951945
132.850960
132.746877
132.642622
132.537814
132.433952
132.329321
132.224450
132.120457
132.017975
131.917465
131.812566
131.706474
131.596168
131.487282
131.380573
131.274437
131.169811
131.065184
130.960597
130.855343
130.747972
130.643544
130.537441
130.429149
130.323554
130.217004
130.109540
130.000940
129.891304
129.782008
129.671191
129.559534
129.451648
129.343603
129.234732
129.127146
129.020654
128.913230
128.804664
128.695658
128.587832
128.484494
128.383202
128.278463
128.174816
128.068861
127.963073
127.861530
127.759266
127.657516
127.556057
127.451693
127.344178
127.238492
127.133921
127.030816
126.924701
126.819394
126.711878
126.605714
126.497862
126.389479
126.280938
126.175048
126.071452
125.963968
125.853831
125.746432
125.640174
125.536861
125.430520
125.324957
125.213695
125.101454
124.992079
124.881153
124.768643
124.656509
124.549758
124.449248
124.346013
124.238223
124.129417
124.022701
123.922725
123.822442
123.721460
123.622783
123.523273
123.424052
123.320991
123.218798
123.113802
123.007901
122.899275
122.786839
122.674476
122.558722
122.444383
122.332498
122.222899
122.113644
122.004217
121.893362
121.781811
121.669707
121.560256
121.454936
121.352971
121.250541
121.141339
121.026558
120.910539
120.803059
120.701575
120.598833
120.492916
120.383467
120.276898
120.172358
120.067760
119.959507
119.849193
119.739206
119.630012
119.520203
119.411409
119.300786
119.190654
119.079188
118.968851
118.860163
118.752888
118.649759
118.546875
118.440969
118.335107
118.230196
118.121353
118.010995
117.900840
117.791622
117.684982
117.578810
117.474695
117.369284
117.261205
117.150916
117.038710
116.924553
116.809631
116.689879
116.570132
116.453246
116.337833
116.221933
116.102592
115.986554
115.871464
115.760541
115.653112
115.545053
115.436671
115.325834
115.213160
115.098918
114.984742
114.869965
114.753737
114.639110
114.525201
114.411183
114.296283
114.179644
114.064950
113.950697
113.837294
113.722979
113.607754
113.492076
113.377873
113.267741
113.157339
113.045140
112.934022
112.824295
112.714881
112.606316
112.496335
112.385528
112.269120
112.154673
112.041251
111.932601
111.824080
111.718504
111.611868
111.504155
111.395331
111.288533
111.186035
111.087628
110.987844
110.891576
110.801594
110.717476
110.637380
110.553660
110.464051
110.378147
110.296311
110.215185
110.135557
110.057637
109.982451
109.909794
109.835645
109.755645
109.670573
109.586654
109.506227
109.430208
109.359391
109.292559
109.230365
109.170234
109.108519
109.048281
108.989702
108.930356
108.873524
108.816202
108.757322
108.697583
108.646409
108.600904
108.554002
108.509021
108.460877
108.411131
108.359635
108.308569
108.256241
108.199259
108.148921
108.107182
108.066363
108.023173
107.976948
107.927907
107.870051
107.807780
107.742583
107.676709
107.613031
107.550499
107.490113
107.433674
107.377408
107.313904
107.246650
107.182685
107.119006
107.051629
106.980238
106.916359
106.857919
106.799023
106.737438
106.670491
106.598522
106.526637
106.454825
106.386186
106.317731
106.250298
106.185129
106.118780
106.047328
105.970089
105.892030
105.811457
105.729549
105.648685
105.565009
105.481542
105.399526
105.316676
105.232702
105.145881
105.056418
104.964244
104.866307
104.767406
104.668958
104.573906
104.480524
104.385624
104.287605
104.186993
104.085969
103.979657
103.872492
103.761053
103.648863
103.536405
103.424515
103.314875
103.203230
103.091921
102.977704
102.865099
102.751074
102.638564
102.527200
102.412373
102.296599
102.179716
102.061014
101.940547
101.818040
101.695111
101.571036
101.448820
101.325162
101.202852
101.076167
100.950854
100.832477
100.711584
100.591912
100.471737
100.349941
100.230838
100.108162
99.982544
99.856654
99.733230
99.610942
99.488726
99.364563
99.242426
99.119468
98.998790
98.876798
98.755106
98.627764
98.501849
98.381561
98.262224
98.142345
98.023172
97.903182
97.781836
97.658173
97.531700
97.405745
97.281157
97.159459
97.034151
96.909742
96.784519
96.661015
96.538692
96.415979
96.293475
96.169025
96.047036
95.926632
95.808551
95.692033
95.574816
95.456174
95.334474
95.212876
95.092208
94.974919
94.858208
94.739648
94.624068
94.509077
94.395071
94.278672
94.156870
94.034559
93.910360
93.782043
93.656191
93.538110
93.423792
93.310161
93.198102
93.083941
92.969204
92.857371
92.749683
92.637745
92.521235
92.408297
92.301578
92.196012
92.088842
91.981867
91.875203
91.767582
91.657101
91.543708
91.428573
91.316450
91.211205
91.114231
91.020660
90.921597
90.814623
90.705850
90.598072
90.495948
90.393253
90.291945
90.195871
90.108780
90.027244
89.940993
89.856113
89.774211
89.692655
89.614358
89.533385
89.455762
89.377684
89.301483
89.232433
89.163226
89.091445
89.017035
88.938414
88.864544
88.798201
88.737423
88.675461
88.617158
88.562700
88.513633
88.468757
88.421074
88.370431
88.319471
88.271786
88.224498
88.177626
88.133168
88.094210
88.057199
88.021249
87.987384
87.953402
87.915220
87.877382
87.840485
87.801847
87.762626
87.728505
87.698700
87.670507
87.642285
87.610745
87.578431
87.542638
87.508253
87.472778
87.434681
87.396683
87.363371
87.335938
87.307305
87.274945
87.242207
87.211157
87.183059
87.154312
87.125786
87.096791
87.070978
87.048358
87.023060
86.994191
86.961817
86.928693
86.896447
86.864675
86.833225
86.800889
86.771477
86.748345
86.727822
86.705370
86.678400
86.651227
86.621526
86.587878
86.554153
86.525179
86.502539
86.482178
86.463112
86.444316
86.422644
86.399070
86.375619
86.354479
86.333004
86.311542
86.290493
86.270714
86.256196
86.242608
86.226180
86.207316
86.185916
86.166325
86.142744
86.119635
86.094190
86.072051
86.053313
86.036995
86.016669
85.991077
85.964558
85.939742
85.915569
85.886188
85.853259
85.826991
85.808220
85.789910
85.768234
85.739330
85.710537
85.682599
85.658761
85.636641
85.611001
85.584443
85.559375
85.536485
85.514420
85.487729
85.456648
85.423946
85.388989
85.355564
85.323521
85.292140
85.261960
85.232618
85.204004
85.173958
85.141237
85.106022
85.069744
85.033502
84.998892
84.965007
84.932383
84.897323
84.861199
84.822010
84.777570
84.728621
84.676628
84.622371
84.567169
84.507154
84.444109
84.380405
84.312659
84.240318
84.162087
84.081706
83.998170
83.915173
83.832345
83.750351
83.665261
83.580442
83.498794
83.416251
83.325995
83.230971
83.133210
83.036960
82.941350
82.845486
82.749977
82.656996
82.565668
82.474131
82.380096
82.284617
82.188479
82.093479
82.001417
81.913234
81.827737
81.743107
81.664574
81.585921
81.506219
81.422871
81.336900
81.255569
81.176906
81.098726
81.018815
80.943508
80.872534
80.807573
80.742037
80.674318
80.608456
80.544493
80.482695
80.421559
80.359764
80.303867
80.255126
80.207435
80.159698
80.108637
80.053520
80.002689
79.958719
79.917001
79.874335
79.833904
79.792921
79.752388
79.709553
79.661118
79.605781
79.548756
79.494302
79.439887
79.383008
79.326108
79.269709
79.215184
79.163688
79.105920
79.043827
78.978449
78.918309
78.864091
78.809053
78.752870
78.705812
78.662819
78.622333
78.579169
78.531422
78.482022
78.435097
78.391840
78.350706
78.305856
78.268760
78.236671
78.206243
78.175073
78.142642
78.108192
78.072631
78.038783
78.006871
77.972320
77.937790
77.907585
77.877081
77.846167
77.806319
77.761454
77.710044
77.656535
77.603638
77.543051
77.475737
77.405581
77.333799
77.261742
77.178422
77.086014
76.992612
76.901888
76.816960
76.727529
76.633938
76.537882
76.441796
76.343800
76.239997
76.130789
76.020926
75.910359
75.800969
75.690206
75.575337
75.465368
75.361470
75.259525
75.160578
75.058313
74.959135
74.860774
74.762103
74.656898
74.546616
74.431963
74.315957
74.208505
74.099821
73.986300
73.868935
73.750748
73.634991
73.518212
73.395205
73.273463
73.155544
73.035229
72.917253
72.803775
72.691826
72.579758
72.469938
72.357444
72.239574
72.115953
71.992240
71.872682
71.750304
71.624588
71.496310
71.367202
71.242890
71.119650
70.995329
70.867762
70.743304
70.623285
70.506564
70.389926
70.271712
70.151263
70.030955
69.908204
69.783594
69.654739
69.523423
69.395875
69.276209
69.158879
69.039724
68.921205
68.800852
68.684296
68.565249
68.443071
68.322114
68.202500
68.087106
67.971208
67.849418
67.725729
67.600753
67.482276
67.363966
67.243053
67.117691
66.995441
66.879172
66.762295
66.642799
66.519222
66.391182
66.267766
66.147727
66.024560
65.901250
65.782299
65.671424
65.563786
65.452902
65.331889
65.204624
65.079437
64.950772
64.815646
64.684998
64.568580
64.464786
64.357714
64.240997
64.118121
63.998973
63.880619
63.762274
63.639639
63.518624
63.401036
63.289415
63.185278
63.079261
62.967426
62.854063
62.738619
62.623323
62.506987
62.394798
62.273474
62.146975
62.026863
61.908201
61.791699
61.676822
61.558339
61.442031
61.327630
61.209244
61.090274
60.971275
60.854418
60.741434
60.632342
60.525038
60.413554
60.302721
60.187951
60.072703
59.957032
59.840462
59.728767
59.615970
59.498619
59.375587
59.249578
59.125080
59.000282
58.876504
58.752278
58.632950
58.519294
58.406098
58.291621
58.175361
58.052882
57.926991
57.803123
57.676514
57.546696
57.420066
57.297752
57.182505
57.067345
56.952568
56.834137
56.713465
56.596052
56.475843
56.352496
56.227942
56.106196
55.990067
55.871401
55.750121
55.631482
55.512277
55.392540
55.277093
55.156746
55.039421
54.928560
54.821862
54.717395
54.610522
54.495163
54.371512
54.251213
54.138658
54.023014
53.904025
53.788334
53.680734
53.569530
53.451479
53.324469
53.200884
53.077248
52.956820
52.837477
52.715770
52.600312
52.489232
52.379019
52.268101
52.152028
52.036360
51.917047
51.800473
51.682704
51.562358
51.443360
51.328060
51.217656
51.102203
50.983178
50.861108
50.739856
50.620192
50.503056
50.384298
50.264554
50.145463
50.030473
49.912796
49.788068
49.660330
49.536830
49.417705
49.299697
49.178014
49.046328
48.916170
48.789826
48.667292
48.541466
48.411507
48.282274
48.157589
48.040425
47.921128
47.797016
47.678265
47.564658
47.451007
47.334110
47.211847
47.091804
46.972507
46.857862
46.739222
46.620150
46.498296
46.376836
46.260552
46.141568
46.018439
45.893192
45.764819
45.644177
45.525708
45.402188
45.276797
45.151516
45.032832
44.916659
44.797275
44.668993
44.541047
44.417585
44.296011
44.173371
44.048018
43.922614
43.805623
43.690909
43.570715
43.445698
43.322531
43.201460
43.083399
42.968009
42.850827
42.732004
42.617249
42.503820
42.387157
42.262711
42.134734
42.008852
41.884368
41.758199
41.628005
41.502137
41.383116
41.266159
41.146821
41.027739
40.905854
40.779270
40.653997
40.531774
40.417015
40.307027
40.195005
40.083649
39.971483
39.858232
39.745323
39.632813
39.526318
39.421945
39.316470
39.214790
39.114247
39.020708
38.925339
38.827019
38.725488
38.628286
38.538004
38.448032
38.355046
38.261124
38.170851
38.090478
38.014830
37.935032
37.848201
37.759607
37.672457
37.588944
37.505762
37.418751
37.330759
37.250113
37.172802
37.099037
37.021818
36.938158
36.854296
36.772833
36.691886
36.605502
36.513626
36.421175
36.329471
36.236482
36.139451
36.039045
35.932165
35.823356
35.715865
35.606542
35.491193
35.370325
35.253659
35.145830
35.043186
34.936314
34.825035
34.714796
34.605354
34.501156
34.398321
34.291736
34.187081
34.086159
33.992681
33.900376
33.805935
33.705379
33.602585
33.502591
33.402996
33.298314
33.186081
33.080228
32.980759
32.882669
32.781234
32.676211
32.570214
32.465734
32.369033
32.277965
32.185758
32.096650
32.012325
31.932040
31.852845
31.771793
31.693810
31.613191
31.535405
31.464889
31.402195
31.341897
31.280061
31.218417
31.159024
31.101791
31.046850
30.989751
30.931526
30.872058
30.811065
30.747167
30.686744
30.626403
30.565992
30.502456
30.439778
30.375675
30.315591
30.259944
30.203745
30.147999
30.090973
30.031640
29.969977
29.903892
29.836343
29.770155
29.708301
29.646158
29.580985
29.511786
29.438454
29.367063
29.292456
29.219605
29.146634
29.067759
28.981917
28.891378
28.800271
28.708837
28.618895
28.525408
28.426398
28.324825
28.222395
28.123194
28.025673
27.926926
27.821130
27.718209
27.621980
27.533793
27.442508
27.344409
27.246351
27.150718
27.062562
26.977035
26.887692
26.794387
26.704238
26.624437
26.550804
26.477216
26.402212
26.328696
26.264949
26.207080
26.148596
26.084841
26.023493
25.967336
25.918134
25.868000
25.817590
25.772276
25.734451
25.706532
25.675377
25.636652
25.595808
25.553499
25.518382
25.485945
25.448913
25.409848
25.373012
25.339862
25.312578
25.281989
25.243867
25.206067
25.173550
25.145731
25.115523
25.079327
25.044019
25.014433
24.988828
24.961032
24.925815
24.887787
24.856666
24.829590
24.800964
24.765911
24.732643
24.709842
24.689168
24.666672
24.642937
24.613749
24.577443
24.549820
24.528369
24.504764
24.476135
24.446745
24.423299
24.407128
24.392706
24.373140
24.342316
24.312761
24.287050
24.259414
24.224033
24.186141
24.149688
24.119089
24.093379
24.064932
24.026023
23.979757
23.939269
23.902955
23.867880
23.823714
23.772218
23.727322
23.690816
23.659768
23.626431
23.583269
23.534091
23.488910
23.448155
23.402586
23.350035
23.296607
23.252904
23.216335
23.181424
23.143728
23.099940
23.053139
23.007687
22.967740
22.924878
22.874941
22.824911
22.781993
22.743704
22.703333
22.653985
22.596056
22.538369
22.484725
22.435484
22.380994
22.320265
22.264815
22.214022
22.169706
22.129225
22.082500
22.026764
21.977137
21.932274
21.894352
21.848062
21.791435
21.738592
21.691819
21.647087
21.599812
21.539127
21.469086
21.396334
21.329702
21.260232
21.181591
21.107696
21.043017
20.984866
20.924360
20.854051
20.771907
20.693022
20.625246
20.561241
20.491015
20.418778
20.357464
20.302712
20.251805
20.199383
20.137005
20.070277
20.010047
19.962715
19.922753
19.875805
19.825754
19.781542
19.746528
19.714365
19.676427
19.630170
19.586965
19.549772
19.516754
19.475552
19.423775
19.375553
19.336053
19.300446
19.256386
19.197890
19.136885
19.079459
19.027540
18.970162
18.901051
18.828653
18.763309
18.704738
18.643253
18.571944
18.498123
18.422385
18.348897
18.276938
18.204187
18.125839
18.051038
17.978504
17.908662
17.837078
17.760754
17.682240
17.609494
17.543355
17.479464
17.415124
17.349929
17.286038
17.227023
17.173008
17.122864
17.074571
17.027182
16.985694
16.953788
16.928716
16.907492
16.887458
16.875016
16.863411
16.850661
16.837177
16.824897
16.817498
16.816839
16.821947
16.834196
16.849868
16.863948
16.879250
16.898259
16.921341
16.943974
16.961730
16.972034
16.981213
16.992486
17.005667
17.015437
17.021022
17.016779
17.009380
17.004810
17.002645
17.005205
17.007667
17.001327
17.005972
17.003063
17.004872
17.007026
17.007449
17.007388
17.007521
17.006430
17.006691
17.006850
17.006359
17.005961
17.005507
17.006187
17.007416
17.007494
17.008289
17.008233
17.007577
17.007420
17.008334
17.009482
17.009288
17.009133
17.009842
17.009838
17.009438
17.010302
17.010631
17.010669
17.010754
17.010377
17.010318
17.010497
17.011680
17.011681
17.011192
17.011124
17.010406
17.010940
17.012560
17.011461
17.011581
17.011009
17.010473
17.010653
17.009984
17.011109
17.010770
17.011492
17.011076
17.009663
17.010351
17.010901
17.011739
17.011618
17.012170
17.012234
17.012639
17.012804
17.012528
17.011668
17.011621
17.011692
17.011930
17.012428
17.011627
17.011225
17.011163
17.011197
17.013118
17.013673
17.013706
17.013742
17.014128
17.012913
17.013029
17.012637
17.012569
17.011511
17.011383
17.012733
17.012904
17.012982
17.013199
17.013375
17.013929
17.014543
17.014041
17.013700
17.014161
17.014728
17.014655
17.014414
17.013947
17.014321
17.013876
17.014523
17.014308
17.013887
17.014432
17.014917
17.015334
17.014445
17.014301
17.013668
17.013052
17.013132
17.013670
17.013690
17.013871
17.014611
17.014802
17.014524
17.015399
17.015705
17.014845
17.014863
17.015329
17.015436
17.015570
17.015746
17.015493
17.016155
17.016153
17.015304
17.014802
17.013925
17.014066
17.015073
17.014700
17.014588
17.015483
17.016778
17.016933
17.016860
17.015796
17.016038
17.014924
17.014731
17.014651
17.015196
17.014749
17.014230
17.013737
17.015473
17.015208
17.015937
17.015725
17.016426
17.016664
17.016636
17.016698
17.016594
17.016385
17.015817
17.015613
17.015218
17.014233
17.014250
17.013725
17.013678
17.014294
17.014158
17.014919
17.015745
17.015966
17.016445
17.016055
17.016910
17.016882
17.016563
17.016936
17.016630
17.017618
17.017015
17.016818
17.016462
17.015472
17.015870
17.016183
17.016538
17.016503
17.016423
17.016751
17.017295
17.017096
17.017798
17.018905
17.018437
17.017904
17.017694
17.017100
17.016610
17.015836
17.015452
17.016433
17.015514
17.016035
17.015673
17.016307
17.016533
17.017061
17.016846
17.017113
17.017403
17.017816
17.017084
17.016565
17.017759
17.017607
17.017439
17.017458
17.016711
17.016675
17.016045
17.016630
17.017981
17.017696
17.017999
17.018792
17.018384
17.018347
17.018013
17.017753
17.016293
17.016800
17.017081
17.017062
17.017682
17.017817
17.017700
17.018149
17.018616
17.017323
17.017219
17.016065
17.016427
17.015699
17.016116
17.016117
17.016805
17.017694
17.017340
17.016600
17.016186
17.016028
17.016358
17.016643
17.017335
17.018324
17.018753
17.019807
17.019301
17.017874
17.017471
17.016350
17.016838
17.016732
17.016363
17.016220
17.016557
17.017007
17.014757
17.018709
17.017696
17.017433
17.016449
17.018255
17.018631
17.018561
17.018672
17.019355
17.019022
17.019011
17.018651
17.017962
17.017446
17.016402
17.016864
17.017476
17.017969
17.017464
17.018034
17.017791
17.017894
17.018610
17.019691
17.019849
17.020073
17.018971
17.018657
17.018743
17.018467
17.019232
17.019447
17.019176
17.019197
17.019017
17.018082
17.018504
17.018760
17.019530
17.018896
17.018744
17.018885
17.019094
17.018698
17.018013
17.018025
17.017082
17.017345
17.017171
17.017247
17.017904
17.017371
17.017764
17.018942
17.018806
17.019030
17.018620
17.017900
17.018636
17.017676
17.016768
17.017940
17.018852
17.018172
17.018368
17.019235
17.019213
17.018613
17.017811
17.018929
17.019194
17.019169
17.018202
17.017522
17.015736
17.017145
17.016622
17.016659
17.017172
17.018397
17.018899
17.018489
17.019004
17.017862
17.017895
17.018209
17.018350
17.018440
17.019803
17.019415
17.019893
17.020189
17.019392
17.018819
17.018605
17.017952
17.017618
17.018247
17.018419
17.018304
17.018830
17.019552
17.019800
17.019168
17.019922
17.018641
17.017883
17.017159
17.016981
17.016215
17.017064
17.016691
17.017245
17.016823
17.017708
17.017371
17.017151
17.017718
17.018415
17.018468
17.018995
17.019271
17.019007
17.019435
17.019158
17.020700
17.020128
17.019615
17.018858
17.018439
17.018019
17.017623
17.017651
17.018095
17.018175
17.019100
17.018821
17.018382
17.018450
17.018304
17.017959
17.018455
17.018098
17.017495
17.016299
17.016239
17.017035
17.016373
17.014996
17.015650
17.016678
17.017180
17.018273
17.018843
17.019377
17.018884
17.019460
17.018949
17.018812
17.017691
17.017343
17.016585
17.017154
17.017392
17.017561
17.017002
17.017121
17.017230
17.017270
17.018184
17.018334
17.019492
17.019110
17.019452
