0.003643
0.006472
0.005727
0.005786
0.013275
0.021301
0.031950
0.035026
0.037740
0.044940
0.063240
0.089713
0.125098
0.169981
0.223371
0.279575
0.333698
0.382122
0.433662
0.487128
0.550047
0.619466
0.688136
0.757737
0.833669
0.920387
1.018099
1.122382
1.223910
1.323367
1.420995
1.526131
1.632487
1.741162
1.846143
1.952588
2.065912
2.185559
2.309418
2.432857
2.553053
2.672535
2.790496
2.903781
3.010847
3.112359
3.222384
3.340578
3.457233
3.576626
3.689094
3.800066
3.910327
4.024649
4.138772
4.245380
4.352033
4.462299
4.577530
4.692816
4.808955
4.922788
5.032142
5.140833
5.244477
5.341178
5.432251
5.528477
5.627261
5.725280
5.819828
5.912636
5.998416
6.083969
6.170076
6.255011
6.334600
6.411273
6.490278
6.577247
6.665089
6.750797
6.830864
6.904629
6.978037
7.053522
7.130536
7.201028
7.263341
7.321972
7.376135
7.432074
7.487676
7.548702
7.603396
7.653590
7.705131
7.759234
7.818126
7.875708
7.921720
7.964171
8.009186
8.058635
8.107808
8.161685
8.209999
8.259735
8.311417
8.365970
8.418748
8.459271
8.493077
8.527204
8.566110
8.605146
8.648520
8.692814
8.741669
8.796063
8.850084
8.903320
8.945127
8.988348
9.036755
9.083571
9.136081
9.186031
9.240538
9.296877
9.353203
9.411450
9.463264
9.511171
9.564450
9.621890
9.682014
9.748076
9.817547
9.891074
9.966134
10.040041
10.103638
10.157633
10.211014
10.265818
10.318361
10.373551
10.427097
10.483536
10.546700
10.610855
10.673735
10.727000
10.782304
10.843450
10.907703
10.976525
11.041476
11.106093
11.175211
11.247000
11.316890
11.375673
11.434611
11.500670
11.573950
11.652718
11.732515
11.815961
11.902561
11.989961
12.075230
12.149650
12.225526
12.307733
12.392289
12.478580
12.567718
12.660168
12.756085
12.855559
12.953058
13.042257
13.133263
13.226561
13.319033
13.411260
13.498977
13.585488
13.674459
13.764252
13.855348
13.943286
14.035633
14.133320
14.238399
14.341114
14.446627
14.547804
14.646795
14.745862
14.842332
14.939641
15.032551
15.126584
15.223818
15.327760
15.432721
15.541502
15.653028
15.761987
15.872441
15.982153
16.093024
16.198686
16.308148
16.423329
16.536734
16.651026
16.763876
16.876643
16.983983
17.086554
17.192754
17.296880
17.404937
17.518488
17.630031
17.747163
17.865308
17.979456
18.092311
18.202344
18.316188
18.426161
18.533608
18.639822
18.757802
18.876547
18.993100
19.103046
19.211416
19.319689
19.426236
19.530710
19.636511
19.746651
19.859787
19.974465
20.084746
20.188688
20.285811
20.380970
20.474519
20.565620
20.662827
20.765228
20.869184
20.974594
21.079889
21.179380
21.277073
21.372663
21.469393
21.564993
21.665311
21.771086
21.871750
21.972015
22.072874
22.168385
22.260948
22.352704
22.441224
22.528686
22.618880
22.711919
22.803691
22.894514
22.982734
23.068512
23.147825
23.226285
23.305515
23.389300
23.479124
23.573148
23.666063
23.758616
23.850655
23.942215
24.031896
24.117871
24.203188
24.284812
24.366749
24.454668
24.545156
24.637222
24.726002
24.815398
24.902759
24.991396
25.081215
25.166823
25.254160
25.343060
25.426558
25.506541
25.583404
25.654652
25.724122
25.791096
25.855552
25.918009
25.985086
26.054939
26.125422
26.194884
26.261545
26.325764
26.385907
26.443240
26.498883
26.557468
26.624284
26.696639
26.775194
26.853826
26.936679
27.022448
27.108450
27.193280
27.275764
27.356235
27.430935
27.508215
27.588482
27.671860
27.756609
27.840712
27.919374
27.998414
28.079062
28.159988
28.233435
28.299754
28.366786
28.435009
28.503411
28.580192
28.646758
28.704700
28.767575
28.839505
28.915322
28.997583
29.066329
29.132869
29.205047
29.280158
29.357963
29.440346
29.521371
29.603474
29.686513
29.769090
29.848394
29.913660
29.975789
30.041752
30.109027
30.182280
30.255187
30.328853
30.405147
30.490693
30.581256
30.670109
30.749303
30.830856
30.915020
31.000229
31.091717
31.188590
31.290290
31.396114
31.496456
31.592208
31.679070
31.766841
31.859392
31.955809
32.055202
32.155500
32.259043
32.361980
32.466161
32.561578
32.648734
32.739456
32.834641
32.932263
33.032013
33.129251
33.228806
33.330654
33.436397
33.541019
33.634479
33.735458
33.848558
33.966594
34.087335
34.210223
34.331112
34.454716
34.575424
34.691369
34.800254
34.915977
35.040154
35.169102
35.296594
35.420699
35.541068
35.661604
35.777952
35.889142
35.993515
36.104068
36.216681
36.330077
36.446873
36.562917
36.672634
36.778055
36.878624
36.979399
37.072574
37.168556
37.265127
37.365730
37.468000
37.570030
37.669358
37.764860
37.864623
37.964995
38.065019
38.164361
38.266851
38.377134
38.492827
38.611413
38.724271
38.831820
38.939024
39.042917
39.144365
39.243209
39.343058
39.446323
39.550877
39.657574
39.762193
39.864673
39.968252
40.071585
40.179089
40.282524
40.382674
40.490831
40.602904
40.714518
40.823001
40.930380
41.032760
41.135383
41.237903
41.337357
41.436753
41.542203
41.651514
41.758991
41.870965
41.978396
42.084782
42.193558
42.298169
42.401974
42.497542
42.598811
42.705410
42.811045
42.922979
43.031131
43.136535
43.239607
43.340443
43.439325
43.533242
43.632359
43.737339
43.842216
43.951199
44.056881
44.159356
44.261173
44.358278
44.454490
44.552334
44.655436
44.763731
44.870573
44.980412
45.090318
45.194431
45.298632
45.401976
45.508046
45.610016
45.716126
45.828478
45.942331
46.057753
46.169700
46.280931
46.391401
46.499797
46.610566
46.718928
46.823394
46.934165
47.047375
47.163519
47.281136
47.398863
47.511730
47.625424
47.736787
47.843795
47.948038
48.058382
48.174842
48.292524
48.410897
48.528511
48.641952
48.757303
48.869560
48.979000
49.081240
49.190368
49.305470
49.422151
49.544216
49.660297
49.774220
49.890730
50.006336
50.119494
50.226548
50.332547
50.444739
50.558520
50.681752
50.803067
50.919885
51.038148
51.152134
51.263577
51.369961
51.473832
51.586099
51.701741
51.818959
51.937528
52.051032
52.164672
52.282232
52.397221
52.506574
52.611691
52.723165
52.839030
52.958655
53.073197
53.188551
53.301309
53.416687
53.530652
53.644763
53.747394
53.854489
53.968160
54.081880
54.202283
54.312615
54.423318
54.537706
54.652109
54.763260
54.864782
54.967487
55.077652
55.188086
55.303295
55.416056
55.526727
55.638689
55.749332
55.859081
55.961948
56.058733
56.157521
56.264163
56.369156
56.472655
56.578322
56.682704
56.791006
56.893948
56.991885
57.074845
57.159037
57.249958
57.341328
57.443436
57.537887
57.629758
57.721023
57.814146
57.910359
57.993866
58.075164
58.164061
58.257375
58.355189
58.453449
58.545738
58.637077
58.728872
58.814480
58.896466
58.963872
59.032077
59.105513
59.179778
59.256973
59.330562
59.400823
59.475026
59.546897
59.618957
59.680591
59.739447
59.800608
59.869197
59.932676
59.999080
60.061608
60.125911
60.187991
60.249290
60.308993
60.361885
60.410161
60.463093
60.516199
60.577015
60.638107
60.702895
60.766897
60.830655
60.888775
60.936357
60.983463
61.035193
61.091227
61.141259
61.186476
61.231258
61.277625
61.322845
61.372491
61.416555
61.465030
61.519909
61.576396
61.629558
61.685819
61.743590
61.802178
61.856349
61.902747
61.940882
61.980059
62.019230
62.058357
62.099173
62.140877
62.185375
62.231985
62.277552
62.320871
62.353286
62.380787
62.411586
62.439811
62.475573
62.512693
62.554494
62.596532
62.639244
62.684037
62.719168
62.754716
62.793916
62.833746
62.881218
62.928247
62.978230
63.028594
63.081177
63.131719
63.170036
63.203340
63.237362
63.273829
63.317747
63.363659
63.416121
63.469577
63.524040
63.575727
63.620012
63.656356
63.695662
63.736932
63.785782
63.833874
63.886048
63.939004
63.992682
64.041243
64.083657
64.118215
64.154172
64.191952
64.230933
64.274804
64.322013
64.370159
64.420370
64.467931
64.507712
64.541111
64.576702
64.616705
64.659324
64.703018
64.750174
64.804950
64.861938
64.917671
64.964299
65.004913
65.042237
65.084729
65.134375
65.190670
65.253308
65.319168
65.385742
65.451243
65.506336
65.562411
65.618320
65.670908
65.728206
65.788173
65.852732
65.919792
65.985376
66.042674
66.087815
66.132186
66.178435
66.233436
66.287990
66.345772
66.410237
66.476781
66.544631
66.602577
66.662741
66.723198
66.785960
66.847594
66.911159
66.977094
67.046102
67.116257
67.182665
67.239892
67.296101
67.354891
67.413602
67.474464
67.527652
67.585645
67.645677
67.704509
67.761220
67.808847
67.855798
67.904532
67.953821
68.009317
68.058667
68.108724
68.161815
68.215574
68.269010
68.315181
68.361461
68.412607
68.470613
68.534836
68.594705
68.660854
68.729644
68.806313
68.885818
68.954329
69.011923
69.069248
69.130036
69.196973
69.263021
69.331179
69.399521
69.470922
69.542912
69.600149
69.651169
69.698287
69.750441
69.812623
69.865983
69.922990
69.980846
70.041586
70.100078
70.149771
70.193982
70.239331
70.289192
70.344949
70.398208
70.456166
70.514959
70.575459
70.634768
70.686518
70.737390
70.791876
70.849858
70.910243
70.970607
71.033117
71.095024
71.161928
71.228476
71.289884
71.343761
71.402207
71.461196
71.520365
71.587231
71.655611
71.729984
71.805815
71.877082
71.938774
71.993461
72.051187
72.113627
72.180058
72.252180
72.324699
72.402756
72.480223
72.553830
72.624171
72.686973
72.754428
72.828016
72.903170
72.979518
73.063194
73.149370
73.240464
73.329003
73.410220
73.484599
73.557226
73.638177
73.719177
73.805785
73.892610
73.980054
74.069896
74.156598
74.234098
74.305678
74.378858
74.453024
74.533282
74.610869
74.689354
74.767249
74.845020
74.920079
74.990344
75.055901
75.125788
75.197529
75.271490
75.345196
75.419571
75.496666
75.573610
75.647195
75.712862
75.773137
75.835986
75.902023
75.975611
76.052748
76.133926
76.215757
76.297705
76.378429
76.448497
76.515599
76.583069
76.653055
76.732738
76.809816
76.891225
76.973332
77.054297
77.135230
77.202274
77.268653
77.337717
77.406215
77.482490
77.557188
77.634245
77.715736
77.793360
77.861961
77.919584
77.979372
78.042195
78.105878
78.176493
78.240565
78.307906
78.379965
78.451339
78.526451
78.590690
78.653999
78.719224
78.788500
78.860542
78.936240
79.014048
79.097424
79.181186
79.260472
79.326056
79.390678
79.461047
79.532863
79.603203
79.676894
79.753774
79.835035
79.917832
80.000684
80.070459
80.137374
80.206292
80.279573
80.358446
80.437667
80.519686
80.605702
80.695603
80.782156
80.861823
80.938547
81.018817
81.101616
81.190019
81.280911
81.374876
81.471271
81.568312
81.663606
81.751913
81.840332
81.931744
82.024648
82.121488
82.219064
82.322518
82.428185
82.529647
82.628798
82.718939
82.810578
82.904565
82.999633
83.099965
83.204605
83.310381
83.423689
83.534041
83.635914
83.728530
83.824783
83.931420
84.034063
84.138693
84.248248
84.366666
84.487087
84.599410
84.700837
84.795812
84.892382
84.990529
85.088809
85.182056
85.282421
85.381037
85.478659
85.572493
85.654449
85.735941
85.823148
85.910223
86.003778
86.098169
86.196865
86.296781
86.401405
86.500514
86.592920
86.685212
86.779052
86.871764
86.967301
87.065340
87.164024
87.264479
87.362405
87.454371
87.541941
87.634984
87.731489
87.830059
87.927101
88.027076
88.129557
88.232293
88.331363
88.426136
88.515183
88.606826
88.702555
88.804666
88.905358
89.008649
89.115533
89.225454
89.328899
89.423418
89.517935
89.615286
89.705235
89.802204
89.902820
90.003083
90.109505
90.213091
90.312715
90.405533
90.500651
90.598583
90.696335
90.800796
90.905349
91.012532
91.121538
91.230062
91.325123
91.414780
91.508788
91.608764
91.710796
91.814654
91.917439
92.024604
92.133134
92.239998
92.340569
92.437285
92.535101
92.635339
92.741476
92.845237
92.953894
93.062909
93.174361
93.286630
93.385641
93.482629
93.584709
93.690654
93.798687
93.905947
94.014546
94.125587
94.240169
94.353828
94.455844
94.558175
94.664363
94.771590
94.885013
94.995591
95.112292
95.231970
95.347989
95.461070
95.561895
95.666329
95.776612
95.887621
96.002094
96.117025
96.233687
96.352862
96.469185
96.577054
96.676736
96.780282
96.887009
96.995518
97.103690
97.212833
97.322106
97.436295
97.544654
97.646603
97.744556
97.846149
97.949311
98.053886
98.158140
98.264434
98.375253
98.487375
98.600640
98.703271
98.805648
98.911261
99.019051
99.127155
99.236785
99.348578
99.466771
99.584455
99.697705
99.799705
99.908565
100.023559
100.134878
100.247823
100.362928
100.482608
100.605220
100.722994
100.830239
100.935587
101.040699
101.148048
101.261312
101.370959
101.480239
101.588768
101.699225
101.815570
101.921565
102.025847
102.133246
102.243336
102.357683
102.475840
102.601154
102.724796
102.846125
102.959337
103.058017
103.160387
103.269685
103.383562
103.503235
103.619681
103.739212
103.860417
103.981400
104.096568
104.204678
104.316109
104.432204
104.550890
104.661775
104.774821
104.887800
105.004711
105.119578
105.223241
105.325217
105.430792
105.540967
105.656361
105.765822
105.878073
105.989945
106.101027
106.212748
106.311554
106.408548
106.510585
106.609785
106.721883
106.830821
106.947566
107.062136
107.175788
107.289770
107.389982
107.489613
107.593460
107.701987
107.817606
107.926929
108.038650
108.152466
108.262598
108.371435
108.465024
108.560067
108.657779
108.759101
108.870419
108.975983
109.080516
109.186901
109.291919
109.407457
109.518188
109.631807
109.756147
109.886567
110.023037
110.162468
110.301622
110.440032
110.572751
110.706938
110.836380
110.969332
111.104100
111.235508
111.363620
111.487977
111.609226
111.729850
111.850855
111.970272
112.082844
112.196214
112.309104
112.420307
112.528029
112.633113
112.736240
112.837098
112.938296
113.031685
113.124149
113.220762
113.323023
113.424239
113.522748
113.618275
113.709918
113.799775
113.887063
113.974975
114.065261
114.153587
114.243264
114.333225
114.418339
114.499195
114.581026
114.663225
114.748371
114.831010
114.916094
115.005483
115.096537
115.190039
115.274976
115.357195
115.436414
115.514169
115.592482
115.669861
115.750225
115.838221
115.928398
116.014223
116.091347
116.165240
116.240113
116.318256
116.395761
116.475721
116.559123
116.644786
116.731573
116.810300
116.885525
116.957745
117.029050
117.104049
117.179910
117.256123
117.334314
117.415418
117.492766
117.570182
117.642675
117.712498
117.780367
117.847219
117.910524
117.974119
118.040602
118.105388
118.170764
118.229549
118.281418
118.326131
118.370537
118.413984
118.454725
118.495052
118.531471
118.566270
118.597406
118.618963
118.628815
118.628760
118.625962
118.618974
118.612258
118.605135
118.592856
118.574136
118.549468
118.518118
118.479149
118.432167
118.383088
118.332025
118.282742
118.228184
118.170054
118.108287
118.045332
117.972774
117.892145
117.806765
117.723879
117.644269
117.571163
117.501402
117.432630
117.360187
117.286104
117.213493
117.143895
117.069414
116.991488
116.911365
116.833049
116.754165
116.674425
116.592867
116.509674
116.422013
116.329375
116.233193
116.138921
116.044126
115.958933
115.872423
115.781222
115.689556
115.596179
115.498833
115.399076
115.291111
115.186599
115.085403
114.995370
114.903227
114.806970
114.717043
114.617141
114.520291
114.418368
114.313614
114.214284
114.119754
114.029632
113.935318
113.834946
113.738869
113.637223
113.538603
113.436806
113.328125
113.224988
113.130691
113.040832
112.947613
112.853650
112.750961
112.646646
112.540290
112.426162
112.311241
112.196430
112.090794
111.984773
111.875394
111.765518
111.651707
111.540649
111.426802
111.311030
111.200187
111.096147
111.001014
110.906768
110.806661
110.704195
110.598038
110.487888
110.373580
110.260628
110.157248
110.061197
109.969610
109.875853
109.776241
109.672363
109.564537
109.452268
109.342340
109.232114
109.128589
109.030393
108.935414
108.836739
108.739372
108.630559
108.527996
108.417011
108.306754
108.199718
108.096902
108.005391
107.912685
107.817160
107.717373
107.610659
107.506374
107.395625
107.282423
107.173930
107.074635
106.984248
106.891634
106.793778
106.699457
106.605019
106.517846
106.422635
106.324820
106.224026
106.126281
106.037801
105.943883
105.847134
105.748518
105.646183
105.542093
105.434379
105.324773
105.221611
105.125810
105.033593
104.935903
104.837107
104.738250
104.644769
104.545596
104.443970
104.345472
104.250996
104.163926
104.074629
103.982111
103.893899
103.795795
103.695287
103.590637
103.484242
103.381804
103.284315
103.197535
103.109831
103.018134
102.929470
102.838171
102.748236
102.654191
102.558870
102.465042
102.379279
102.299131
102.217036
102.131700
102.046118
101.958968
101.871210
101.781880
101.687818
101.598873
101.519733
101.443597
101.364779
101.285948
101.203390
101.124580
101.041716
100.956510
100.873354
100.790253
100.717383
100.645019
100.567927
100.491186
100.407633
100.322857
100.232807
100.140878
100.047757
99.956518
99.878555
99.798035
99.717454
99.636813
99.549794
99.466104
99.377524
99.285634
99.198630
99.119141
99.046610
98.974961
98.902738
98.818354
98.738165
98.658728
98.575992
98.488517
98.400894
98.327639
98.256986
98.184054
98.110734
98.032435
97.955359
97.877406
97.797275
97.716974
97.638631
97.567838
97.500549
97.431218
97.360237
97.285525
97.209458
97.129535
97.046472
96.963704
96.882191
96.812328
96.742077
96.667239
96.593588
96.516742
96.445497
96.369340
96.289574
96.214750
96.142065
96.074984
96.009944
95.940426
95.872151
95.798879
95.726705
95.649444
95.565942
95.485004
95.412106
95.346232
95.281006
95.212123
95.137430
95.063566
94.984987
94.902769
94.821535
94.742816
94.675689
94.603903
94.529100
94.455240
94.378061
94.298916
94.217543
94.132693
94.051687
93.981145
93.916196
93.848264
93.778719
93.708275
93.639344
93.567476
93.496045
93.422375
93.348962
93.284505
93.219667
93.152230
93.088041
93.015581
92.945403
92.866742
92.780865
92.694257
92.610480
92.535803
92.462548
92.387954
92.313446
92.240439
92.163500
92.081042
91.997565
91.917193
91.847111
91.780986
91.711543
91.642784
91.569995
91.496630
91.418043
91.335941
91.257990
91.182004
91.116745
91.047268
90.974248
90.903701
90.831574
90.757552
90.680974
90.602059
90.527063
90.461191
90.397944
90.329138
90.260350
90.185519
90.116452
90.043520
89.967240
89.895011
89.827524
89.769513
89.708294
89.648195
89.588585
89.525977
89.464397
89.398012
89.324177
89.254079
89.184807
89.121847
89.058073
88.991885
88.928525
88.862010
88.795702
88.724836
88.652423
88.581256
88.522216
88.463850
88.401978
88.345617
88.281924
88.223299
88.160579
88.093819
88.026065
87.963579
87.905913
87.848068
87.790673
87.731171
87.671793
87.607532
87.538437
87.468817
87.400454
87.345358
87.292255
87.237056
87.182895
87.125135
87.065737
87.004572
86.940270
86.875547
86.816162
86.761812
86.708208
86.652927
86.597585
86.544532
86.486971
86.427045
86.367500
86.306041
86.254166
86.203642
86.150757
86.097739
86.037811
85.982625
85.919814
85.856106
85.797298
85.742326
85.694141
85.643889
85.590272
85.537596
85.487651
85.430405
85.367299
85.302680
85.240758
85.184046
85.125748
85.061332
84.998032
84.925446
84.855590
84.778163
84.698921
84.621204
84.544945
84.477370
84.410726
84.340920
84.271981
84.202380
84.133575
84.063993
83.991204
83.928387
83.874563
83.826764
83.776639
83.722593
83.666671
83.614186
83.560304
83.504697
83.444868
83.386749
83.337616
83.290383
83.240511
83.190479
83.136317
83.084785
83.026152
82.965681
82.907516
82.853049
82.804546
82.757755
82.708190
82.658803
82.606847
82.555873
82.501648
82.444039
82.390934
82.345329
82.307217
82.267246
82.227972
82.186345
82.139358
82.088964
82.037014
81.989801
81.945480
81.908268
81.873402
81.837310
81.801254
81.761876
81.718702
81.670336
81.619038
81.570205
81.529082
81.495032
81.460302
81.425008
81.385495
81.348069
81.303099
81.258491
81.217876
81.181925
81.154373
81.125911
81.094151
81.062447
81.029009
80.994901
80.957733
80.922242
80.892954
80.866615
80.844486
80.820265
80.797002
80.770102
80.742721
80.711339
80.678082
80.644107
80.610323
80.582378
80.554425
80.523133
80.494643
80.463482
80.436465
80.403059
80.365945
80.330834
80.300451
80.280047
80.261245
80.243471
80.226339
80.207450
80.188620
80.163659
80.136633
80.109571
80.088394
80.070235
80.049413
80.029210
80.008567
79.985854
79.957043
79.922933
79.893402
79.866046
79.846743
79.828028
79.809670
79.787034
79.764049
79.734179
79.704469
79.677528
79.653397
79.637695
79.624536
79.609229
79.593048
79.573625
79.553884
79.529131
79.503350
79.476331
79.456110
79.442473
79.431006
79.419701
79.408044
79.395916
79.377184
79.357386
79.339001
79.323210
79.314479
79.307127
79.297283
79.283259
79.265953
79.251170
79.236585
79.218198
79.203360
79.190895
79.180696
79.167519
79.153200
79.136504
79.119221
79.096324
79.072945
79.051284
79.034396
79.032241
79.030814
79.028453
79.029327
79.028140
79.020298
79.006827
78.991016
78.980541
78.979887
78.981085
78.984202
78.988600
78.992317
78.998071
78.996618
78.989627
78.979182
78.968909
78.964787
78.962140
78.959712
78.958254
78.953771
78.946067
78.930021
78.912446
78.894919
78.884691
78.879660
78.874570
78.871965
78.868554
78.865200
78.857390
78.847003
78.839656
78.835000
78.836994
78.836032
78.835392
78.836858
78.835223
78.828331
78.815826
78.800257
78.791534
78.783693
78.778194
78.773642
78.767556
78.758142
78.747356
78.735602
78.719907
78.705553
78.691943
78.683536
78.676308
78.668862
78.664583
78.655796
78.643958
78.630220
78.614121
78.602342
78.596446
78.596643
78.599261
78.603644
78.611902
78.616764
78.616564
78.612343
78.607949
78.605750
78.610096
78.619164
78.627223
78.637825
78.644876
78.650722
78.649077
78.645475
78.644830
78.645297
78.649444
78.652891
78.654871
78.660866
78.666900
78.667749
78.664212
78.659097
78.657540
78.657827
78.664775
78.673156
78.681413
78.688213
78.688798
78.677848
78.661212
78.647113
78.634819
78.627398
78.619407
78.609735
78.602682
78.593155
78.585557
78.571525
78.553525
78.540573
78.534848
78.535959
78.536548
78.538264
78.538822
78.541674
78.538982
78.537604
78.537644
78.541080
78.549275
78.564169
78.579090
78.598082
78.615728
78.631595
78.638130
78.642154
78.651073
78.660341
78.673360
78.686244
78.698581
78.710161
78.721770
78.728844
78.732642
78.740617
78.752834
78.771125
78.793057
78.814958
78.838214
78.860116
78.877305
78.888905
78.898457
78.911564
78.927542
78.948555
78.967895
78.985610
78.999774
79.012548
79.017553
79.026369
79.042849
79.062594
79.089278
79.116128
79.144429
79.176543
79.210275
79.241229
79.265249
79.287174
79.311241
79.335912
79.368055
79.403606
79.441835
79.479570
79.518262
79.552576
79.584060
79.617181
79.651413
79.687863
79.731186
79.772428
79.814630
79.853224
79.890919
79.922727
79.950043
79.978017
80.006215
80.036226
80.068603
80.103450
80.140975
80.177106
80.208400
80.235958
80.263339
80.291835
80.323611
80.360557
80.401129
80.445904
80.483769
80.523049
80.556592
80.594768
80.635683
80.675740
80.721227
80.769976
80.817434
80.868733
80.914542
80.951018
80.983777
81.019548
81.057587
81.099152
81.145517
81.193894
81.250952
81.304476
81.353271
81.396610
81.441698
81.489417
81.536276
81.583625
81.634653
81.690699
81.746191
81.799928
81.843963
81.882805
81.922789
81.965140
82.009399
82.055520
82.104737
82.152166
82.196430
82.235680
82.269599
82.307285
82.348230
82.386629
82.431751
82.479211
82.528735
82.581689
82.631061
82.675659
82.716266
82.758993
82.805819
82.854240
82.906227
82.958605
83.011623
83.062759
83.110135
83.152638
83.196808
83.245664
83.298541
83.354557
83.414426
83.473309
83.533352
83.587846
83.633363
83.678556
83.728126
83.784911
83.844820
83.902895
83.965425
84.028914
84.089899
84.148036
84.200214
84.250789
84.299917
84.349624
84.402609
84.458590
84.518504
84.579490
84.638865
84.695457
84.749189
84.800097
84.853142
84.909799
84.968156
85.033174
85.094924
85.157659
85.218050
85.269471
85.320644
85.369100
85.421020
85.477251
85.537558
85.599420
85.661110
85.719178
85.770573
85.813093
85.852749
85.893999
85.934182
85.982313
86.033787
86.084062
86.132342
86.172014
86.202705
86.224734
86.244490
86.269700
86.297636
86.327286
86.358283
86.386960
86.410869
86.429073
86.439538
86.448062
86.458084
86.471889
86.485090
86.493178
86.493747
86.490451
86.479658
86.461753
86.434616
86.401881
86.360836
86.320606
86.280107
86.234205
86.188063
86.129710
86.061831
85.980235
85.893155
85.804642
85.718711
85.636195
85.548569
85.455057
85.359913
85.257572
85.148182
85.031841
84.912899
84.799983
84.690469
84.578041
84.459119
84.332925
84.199653
84.065772
83.928977
83.791677
83.652761
83.529938
83.408596
83.284997
83.157866
83.022676
82.891594
82.752967
82.612247
82.474552
82.340451
82.213393
82.080664
81.940027
81.801499
81.659795
81.519487
81.374471
81.234728
81.093882
80.959550
80.826486
80.687277
80.545264
80.398217
80.258973
80.117662
79.972471
79.829450
79.686723
79.553155
79.421600
79.279079
79.136530
78.994646
78.854554
78.714956
78.572290
78.424931
78.286875
78.157163
78.020583
77.879855
77.734967
77.594064
77.454582
77.312127
77.168105
77.023947
76.890880
76.754936
76.609251
76.464051
76.309643
76.165191
76.018689
75.867044
75.717703
75.577327
75.438421
75.293706
75.145427
74.997565
74.851448
74.709197
74.563405
74.418654
74.277861
74.143959
74.008320
73.866447
73.724747
73.578266
73.436064
73.294896
73.151741
73.007462
72.857529
72.717703
72.577062
72.433519
72.292598
72.146961
72.006055
71.867319
71.724059
71.579297
71.439431
71.309010
71.173818
71.028621
70.881298
70.731814
70.584686
70.438401
70.288768
70.140052
70.000677
69.859685
69.713699
69.566118
69.417235
69.274197
69.129416
68.979847
68.829322
68.684843
68.546925
68.408782
68.267998
68.127844
67.983265
67.839935
67.698099
67.554952
67.416420
67.282232
67.152312
67.012288
66.869621
66.723026
66.579077
66.435156
66.291930
66.151117
66.013142
65.885178
65.754665
65.621924
65.489224
65.351325
65.216033
65.078895
64.940920
64.808149
64.679678
64.557477
64.429631
64.295610
64.160800
64.025980
63.895049
63.763978
63.627921
63.490417
63.357362
63.229160
63.097944
62.959718
62.820080
62.682511
62.544098
62.404660
62.262688
62.122816
61.994445
61.863792
61.729701
61.590835
61.446773
61.312431
61.177010
61.038115
60.898983
60.764796
60.635150
60.498079
60.351857
60.207225
60.059722
59.918863
59.773032
59.622518
59.480054
59.340568
59.204464
59.065338
58.916106
58.765244
58.622445
58.479384
58.331510
58.184909
58.035569
57.896779
57.756333
57.607976
57.458033
57.305966
57.154397
56.998854
56.839334
56.685737
56.542731
56.404657
56.262423
56.113823
55.967301
55.816061
55.667476
55.517257
55.366494
55.217186
55.079275
54.940552
54.794710
54.650917
54.496861
54.349444
54.202635
54.054371
53.902705
